"theta.1","theta.2","t","true.1","true.2"
0.878179436820742,0.0464558063348512,0.000409428728744388,0.486514277249613,0.48887198478331
1.11308011077198,1.43335772323625,0.000452714273706079,0.47813110806058,0.484680400188794
-0.376192215530969,-1.9605510184597,0.00167500786483288,0.469747938871548,0.480488815594278
-0.496615406251173,0.504872401620243,0.00411684834398329,0.461364769682516,0.476297230999761
0.52279059476548,2.67107955706762,0.00426833215169609,0.452981600493484,0.472105646405245
-1.48455936847862,-0.966578218895178,0.00533748255111277,0.444598431304452,0.467914061810729
-1.02317167803501,0.907564950161755,0.00536949024535716,0.43621526211542,0.463722477216213
-1.33422052557869,1.3205745209945,0.00617181928828359,0.427832092926388,0.459530892621697
-0.314493136218468,-2.16346013454438,0.0071017830632627,0.419448923737356,0.455339308027181
0.228632977633922,0.499867302660617,0.00727831409312785,0.411065754548324,0.451147723432665
0.994404150086455,-0.560413859841118,0.00749404518865049,0.402682585359291,0.446956138838149
0.453062479520708,0.136257891669088,0.00800875993445516,0.394299416170259,0.442764554243633
-0.66375134984411,1.46822428625592,0.00821668049320579,0.385916246981227,0.438572969649117
0.114836227889042,0.320071957249295,0.00825225561857224,0.377533077792195,0.434381385054601
-1.3125213075727,0.765164316666302,0.0105160470120609,0.369149908603163,0.430189800460085
0.427198011998866,-1.31862105508252,0.0118826236575842,0.360766739414131,0.425998215865569
0.581020929277695,1.99535284651082,0.0119008431211114,0.352383570225098,0.421806631271052
-0.0593243916890196,0.470115877299648,0.0121377736795694,0.344000401036066,0.417615046676536
0.27897979835031,-1.16569339545136,0.0138873786199838,0.335617231847034,0.413423462082021
-1.56117036657252,1.91322835446476,0.0142239548731595,0.327234062658002,0.409231877487504
0.0930069723685021,-1.75274266989097,0.0147212243173271,0.31885089346897,0.405040292892988
2.13110276551734,-0.46695280055025,0.0149018487427384,0.310467724279938,0.400848708298472
-1.03889266593318,-0.484853397521611,0.0160186151042581,0.302084555090905,0.396657123703956
0.341583176706492,1.07919154527111,0.0161111557390541,0.293701385901874,0.39246553910944
0.98285684197422,0.622094730744975,0.0168290266301483,0.285318216712842,0.388273954514924
-1.69150468270156,-0.0486021153225829,0.0195573600940406,0.276935047523809,0.384082369920408
0.325482710512737,0.111504538141165,0.0202396726235747,0.268551878334777,0.379890785325892
1.2543906921398,-0.215998779350852,0.0202480650041252,0.260168709145745,0.375699200731376
-1.85159043863198,1.23412126161798,0.0209792817477137,0.251785539956713,0.37150761613686
3.03514555081217,-0.492579113964498,0.0235558701679111,0.243402370767681,0.367316031542344
-1.19415748334428,-0.649262544673184,0.0240251764189452,0.235019201578649,0.363124446947828
-0.843404424130992,-0.353119393977576,0.0247896031942219,0.226636032389616,0.358932862353312
0.764395697493343,-0.779803817677259,0.0250936518423259,0.218252863200584,0.354741277758795
0.334598301206395,0.0913735537189888,0.0258521279320121,0.209869694011552,0.350549693164279
0.09313578730506,-0.0364980236630008,0.0262356977909803,0.20148652482252,0.346358108569763
1.19348911575668,0.383599398908919,0.026340366108343,0.193103355633488,0.342166523975247
1.35212175421055,-2.86817181672012,0.026881878497079,0.184720186444456,0.337974939380731
1.25348087481065,-0.220835960053256,0.0269333773758262,0.176337017255424,0.333783354786215
1.20612321599278,-0.474724147013427,0.0274091737810522,0.167953848066392,0.329591770191699
-0.171213588085115,0.46691317788301,0.0276050867978483,0.159570678877359,0.325400185597183
1.07783794678831,-0.678593537429896,0.0286968571599573,0.151187509688327,0.321208601002667
1.25166211834608,1.05134500880654,0.0287234699353576,0.142804340499295,0.317017016408151
-0.487916172779408,-0.653216421880686,0.0292101730592549,0.134421171310263,0.312825431813635
-1.14400449877407,1.2804290972782,0.0292331906966865,0.126038002121231,0.308633847219119
-0.245753630758229,-1.45583512207805,0.0310537747573107,0.117654832932199,0.304442262624603
-0.664447105774592,0.32107636247542,0.0319227850995958,0.109271663743167,0.300250678030086
0.569423673690305,-0.00749697563196428,0.0332143753767014,0.100888494554134,0.29605909343557
0.499303227963269,0.828555344040904,0.0342083752620965,0.0925053253651025,0.291867508841055
0.687745904399642,0.9260084087157,0.0344481251668185,0.0841221561760701,0.287675924246539
2.67709944553446,0.229707091125968,0.0347784359473735,0.0757389869870382,0.283484339652022
2.55224020854166,-0.429936137785822,0.0348732725251466,0.0673558177980058,0.279292755057506
-2.08121869534688,1.04287443724118,0.0355079844594002,0.0589726486089739,0.27510117046299
1.08009860888541,-1.31307775376302,0.0360223138704896,0.0505894794199415,0.270909585868474
-0.150046080212753,-2.50058856273969,0.0369266802445054,0.0422063102309096,0.266718001273958
1.56654984697432,1.21547423841052,0.0369472571182996,0.0338231410418772,0.262526416679442
-1.36419357981361,-3.08151771970009,0.0378365607466549,0.0254399718528453,0.258334832084926
-0.712743049616088,1.83308513354372,0.0382931414060295,0.0170568026638129,0.25414324749041
-0.382781980716717,0.372467017867182,0.0393032268621027,0.00867363347478101,0.249951662895894
-0.849904677984425,0.723485968389586,0.039630068698898,0.000290464285749081,0.245760078301378
1.08210993261114,1.71690079196171,0.0398173101712018,-0.00809270490328329,0.241568493706862
1.17628297099571,-0.123533009428506,0.0400925427675247,-0.0164758740923157,0.237376909112346
-1.0018703235867,-1.75874229963258,0.0408268067985773,-0.0248590432813476,0.233185324517829
-1.00151049991018,1.00304063919741,0.0412534538190812,-0.0332422124703795,0.228993739923313
0.122631436524673,-0.877684036494366,0.0436341834720224,-0.0416253816594119,0.224802155328797
0.338509986041626,0.100047232155329,0.0438978064339608,-0.0500085508484442,0.220610570734281
-0.617452697604112,-1.67505324865485,0.0450622392818332,-0.0583917200374762,0.216418986139765
1.30577255631051,-0.680045262248295,0.0451234464999288,-0.0667748892265081,0.212227401545249
-0.600129917437586,-2.15318877583712,0.0451235214713961,-0.0751580584155405,0.208035816950733
0.911817317441225,-2.42063891697231,0.0457046618685126,-0.0835412276045724,0.203844232356217
1.3171333108018,1.35488010876901,0.0462602339684963,-0.0919243967936048,0.199652647761701
-0.959136174596933,1.35574013924695,0.0479614504147321,-0.100307565982637,0.195461063167185
0.918632911247631,1.75145150181695,0.0482649870682508,-0.108690735171669,0.191269478572669
-1.5878832404279,-1.10619612969365,0.0486315900925547,-0.117073904360701,0.187077893978153
-0.623529271206308,0.0290738231353176,0.0486401885282248,-0.125457073549733,0.182886309383637
-2.54070704247252,0.527982984845112,0.0491743937600404,-0.133840242738765,0.17869472478912
2.03606559507852,-1.01981083146495,0.0498605170287192,-0.142223411927798,0.174503140194604
-0.831983783335248,0.343127228005725,0.0509771052747965,-0.15060658111683,0.170311555600088
-2.4222551783772,1.84182755712114,0.0541703631170094,-0.158989750305862,0.166119971005573
0.561701368597376,-1.15198231239657,0.054972271900624,-0.167372919494894,0.161928386411056
0.273044549714088,-1.04535631407089,0.0558174289762974,-0.175756088683926,0.15773680181654
1.10008983486596,-2.0948008898321,0.056660192552954,-0.184139257872958,0.153545217222024
0.12971291960697,-1.60831662710149,0.0573721032124013,-0.192522427061991,0.149353632627508
2.35867054686235,-0.0791432737748097,0.0575468116439879,-0.200905596251022,0.145162048032992
-0.833264886182661,0.140914100479861,0.0583876378368586,-0.209288765440054,0.140970463438476
-0.370919565775201,1.30735268346053,0.0584395348560065,-0.217671934629087,0.13677887884396
1.28884015130986,-0.715867493623773,0.0587362824007869,-0.226055103818119,0.132587294249444
-0.841291287432211,-0.436841202452715,0.0594649268314242,-0.234438273007151,0.128395709654928
0.16892371403083,2.77396987073757,0.0599880826193839,-0.242821442196183,0.124204125060412
-1.72803228473463,0.379503643483898,0.0602195526007563,-0.251204611385215,0.120012540465896
-1.01076484293927,0.0791628376679889,0.0608019139617682,-0.259587780574247,0.11582095587138
-0.352929651600435,-0.0761301720498935,0.06187899177894,-0.26797094976328,0.111629371276864
1.5859159722418,-2.8280960251935,0.0630163000896573,-0.276354118952312,0.107437786682348
1.24102170436532,-1.00722239971705,0.0632715250831097,-0.284737288141344,0.103246202087831
0.162957693508551,1.59385000019095,0.0632950984872878,-0.293120457330376,0.0990546174933153
1.75083732130773,0.256097213342696,0.0635897370520979,-0.301503626519408,0.0948630328987994
-0.750689430673105,2.25840541589287,0.0639793176669627,-0.30988679570844,0.090671448304283
1.70532937487114,-1.01165710714785,0.0643189286347479,-0.318269964897472,0.086479863709767
-2.21725422350663,2.05662319933258,0.0645074364729226,-0.326653134086504,0.0822882791152511
0.680309368147797,1.16916409743832,0.0659687526058406,-0.335036303275537,0.0780966945207351
0.123598946122122,-1.89200994311759,0.0666176918894053,-0.343419472464569,0.0739051099262187
-0.381283085957422,0.797974526023252,0.0673919275868684,-0.351802641653601,0.0697135253317027
0.624876880725977,-0.423485533841116,0.0676410931628197,-0.360185810842633,0.0655219407371868
-0.898255431831213,0.426537014160812,0.0691553940996528,-0.368568980031665,0.0613303561426708
-1.75620732234003,-0.490314307488684,0.0699687898159027,-0.376952149220697,0.0571387715481544
-1.36580664611383,1.67008755387795,0.0703676925040781,-0.385335318409729,0.0529471869536384
-1.13489077132738,-1.51459233183974,0.0711067200172693,-0.393718487598762,0.0487556023591225
1.23156526560131,-0.298925763220009,0.0720226988196373,-0.402101656787794,0.0445640177646065
1.4702042578241,-2.91972203014618,0.0722399877849966,-0.410484825976826,0.0403724331700905
0.66835153572651,0.372225211105077,0.0723058795556426,-0.418867995165858,0.0361808485755741
-0.377774315281716,-0.478374082726682,0.0725356261245906,-0.42725116435489,0.0319892639810582
1.03771709634271,-0.20144793672755,0.0739232837222517,-0.435634333543923,0.0277976793865422
-2.12739438291579,0.123100901053292,0.074602127308026,-0.444017502732954,0.0236060947920262
-1.02441540256301,-3.0575687348574,0.0752016159240156,-0.452400671921986,0.0194145101975098
0.944939510407267,-0.851625771107928,0.0753119641449302,-0.460783841111019,0.0152229256029939
0.712445147612788,-0.308860128562585,0.0763840707950294,-0.469167010300051,0.0110313410084779
0.923000975932034,0.385343197401693,0.0764519006479532,-0.477550179489083,0.00683975641396195
-1.33506018225451,0.814582517050931,0.0767786481883377,-0.485933348678115,0.00264817181944554
-0.326520858515594,-1.20797110306117,0.0775944604538381,-0.494316517867147,-0.00154341277507042
-0.856440185111202,-1.20121963497572,0.0784032139927149,-0.502699687056179,-0.00573499736958638
1.79261923843574,-1.99383632035908,0.0786338213365525,-0.511082856245212,-0.00992658196410234
-1.31162516196934,-1.27684818829693,0.0802171234972775,-0.519466025434244,-0.0141181665586183
-1.34750522305953,-1.02990523049908,0.0808629675302655,-0.527849194623276,-0.0183097511531347
-0.946787039108221,-2.24251248124711,0.0810722117312253,-0.536232363812308,-0.0225013357476507
0.760681933287831,-2.94818981656953,0.0812563225626945,-0.54461553300134,-0.0266929203421666
-2.85183557791046,1.37106817028017,0.0815317917149514,-0.552998702190372,-0.030884504936683
0.325382511916972,1.23837665922459,0.0820081678684801,-0.561381871379404,-0.035076089531199
0.895996586638453,0.519917331198046,0.0829706031363457,-0.569765040568436,-0.039267674125715
-1.36379891385313,-0.215242532248697,0.0831855507567525,-0.578148209757468,-0.0434592587202309
0.880028190940424,0.0270190039581069,0.0836145479697734,-0.586531378946501,-0.0476508433147469
-0.555796904077509,0.0370298021279285,0.0850031371228397,-0.594914548135533,-0.0518424279092633
1.23204255494017,1.64751071426097,0.0850207062903792,-0.603297717324565,-0.0560340125037793
-0.415412967953269,0.253275235381468,0.0852610282599926,-0.611680886513597,-0.0602255970982952
-1.15054739776257,1.74079964888634,0.0856963351834565,-0.620064055702629,-0.0644171816928112
0.206101981812883,0.901800241203038,0.0872219405137002,-0.628447224891661,-0.0686087662873271
0.983378341384503,-1.06104055465004,0.0873754860367626,-0.636830394080693,-0.0728003508818436
0.273440080227903,0.0245620400606592,0.0880748715717345,-0.645213563269726,-0.0769919354763595
-2.26896690684649,0.354097483554144,0.0881856877822429,-0.653596732458758,-0.0811835200708755
-2.54236952547538,-0.788987768827763,0.0887969217728823,-0.66197990164779,-0.0853751046653919
1.26344081034007,-2.39223330680431,0.0890622602310032,-0.670363070836822,-0.0895666892599079
-2.21981088105797,0.583290917689065,0.0892684790305793,-0.678746240025854,-0.0937582738544238
0.807983541843898,0.540102622761527,0.0895398112479597,-0.687129409214887,-0.0979498584489398
-0.639061842936988,-0.798984292198317,0.089592753443867,-0.695512578403918,-0.102141443043456
-0.361254642193185,2.44688156194308,0.0904193927999586,-0.70389574759295,-0.106333027637972
-0.345531584669509,2.74487408515582,0.0905781630426645,-0.712278916781983,-0.110524612232488
-0.408471708065555,0.97948623599273,0.090954310959205,-0.720662085971015,-0.114716196827004
-0.655841336446508,-0.141100767466542,0.0911142355762422,-0.729045255160047,-0.11890778142152
0.669718573923999,-2.69247637979167,0.0914958112407476,-0.737428424349079,-0.123099366016036
-1.54791796006549,-1.38904116544559,0.0919548273086548,-0.745811593538111,-0.127290950610552
0.882254720080984,0.856782246303316,0.0924745046067983,-0.754194762727143,-0.131482535205068
0.616523080574908,0.974594500152714,0.0928996759466827,-0.762577931916176,-0.135674119799584
-0.559002439350431,-2.01153158579804,0.0934830168262124,-0.770961101105208,-0.139865704394101
-0.842963159538983,-0.39944844848218,0.0944347886834294,-0.77934427029424,-0.144057288988617
-0.39655914491988,-1.65625043633093,0.094597244868055,-0.787727439483272,-0.148248873583133
1.29113776499819,1.73428844600541,0.0947184527758509,-0.796110608672304,-0.152440458177649
-0.630597665479049,0.0660544801369225,0.0959538782481104,-0.804493777861336,-0.156632042772165
-0.0961287438839222,0.684020302625445,0.0965919061563909,-0.812876947050368,-0.160823627366681
0.972705057936477,-2.09930141539236,0.0972338642459363,-0.821260116239401,-0.165015211961197
-1.32747456007033,-1.31522170086499,0.0973019879311323,-0.829643285428433,-0.169206796555713
-2.16002367966797,0.887867485623381,0.0973864218685776,-0.838026454617465,-0.173398381150229
-2.5548002029714,1.01202649876028,0.0974170330446213,-0.846409623806497,-0.177589965744745
-0.753634562898331,1.4479687293116,0.097656472818926,-0.854792792995529,-0.181781550339261
-1.42679045761475,1.02963757068485,0.0982610858045518,-0.863175962184561,-0.185973134933777
-0.4493529112648,-0.456478117722139,0.0987890497781336,-0.871559131373593,-0.190164719528293
-2.05115229247418,-0.836184137670927,0.09951625415124,-0.879942300562625,-0.19435630412281
-0.756157813451479,0.39095118984479,0.100019516190514,-0.888325469751658,-0.198547888717326
3.11644363253185,-0.929988392795587,0.101544898469001,-0.89670863894069,-0.202739473311842
-0.918499347713119,0.604889052852234,0.102872483432293,-0.905091808129722,-0.206931057906358
-1.0266213046784,-1.06081171064538,0.102915717754513,-0.913474977318754,-0.211122642500873
1.30805793353155,-0.263904885663173,0.102977682370692,-0.921858146507786,-0.21531422709539
-1.8263402027207,-1.28601922132313,0.103057699510828,-0.930241315696818,-0.219505811689906
0.363990229923196,-1.17608918093717,0.103305194759741,-0.93862448488585,-0.223697396284422
0.370721385743252,0.262587564413946,0.103345370385796,-0.947007654074882,-0.227888980878938
-0.354078675781557,0.312680518756427,0.103467336390167,-0.955390823263914,-0.232080565473454
1.01102099898747,-0.90266941511242,0.103869556915015,-0.963773992452947,-0.23627215006797
-2.11480461609123,-1.48280020855403,0.103906163014472,-0.972157161641979,-0.240463734662486
-0.959152778774042,-1.78256375321187,0.104678090196103,-0.980540330831011,-0.244655319257002
-0.846817999219015,-0.198133133453714,0.104930189670995,-0.988923500020043,-0.248846903851518
0.257256744345344,0.97269037125081,0.105513780377805,-0.997306669209075,-0.253038488446034
-1.43458680568187,1.62606561585635,0.105674796039239,-1.00568983839811,-0.25723007304055
-1.97838009312524,-1.08470915418126,0.107098382432014,-1.01407300758714,-0.261421657635067
-0.206050699311048,0.111096888837466,0.107321898220107,-1.02245617677617,-0.265613242229583
-0.0425570999496303,1.9427720056189,0.108804223127663,-1.0308393459652,-0.269804826824099
-0.763991238761026,-1.02607276464104,0.109877932816744,-1.03922251515424,-0.273996411418615
-2.54590331514028,1.73636450309444,0.110348891932517,-1.04760568434327,-0.278187996013131
0.563560235212306,-2.54683565630656,0.111126670846716,-1.0559888535323,-0.282379580607647
0.426706623295903,-0.12882608721449,0.111753372941166,-1.06437202272133,-0.286571165202163
0.266947568040536,-0.730850144199509,0.112429655855522,-1.07275519191036,-0.290762749796679
-0.133098590121942,-1.28825601693507,0.11251624673605,-1.0811383610994,-0.294954334391195
1.03079717869794,1.83655751828694,0.113022869452834,-1.08952153028843,-0.299145918985711
-0.276592266590781,-0.14446652217786,0.113335981732234,-1.09790469947746,-0.303337503580227
-0.348041541897147,0.339059154269632,0.113842835882679,-1.10628786866649,-0.307529088174743
1.29811865075215,-1.36036896283868,0.114537336165085,-1.11467103785553,-0.311720672769259
-1.52202144165953,-1.17337435327336,0.115104048978537,-1.12305420704456,-0.315912257363776
-1.63170424981554,-0.659473265597667,0.115438852226362,-1.13143737623359,-0.320103841958292
-2.50065561912288,0.242247319872234,0.116005304735154,-1.13982054542262,-0.324295426552808
-1.88369960515424,2.16331526196158,0.116246751509607,-1.14820371461165,-0.328487011147323
1.66356886050665,1.44290865459822,0.117341827834025,-1.15658688380069,-0.332678595741839
0.170154329625221,0.0910088302367988,0.117732845479622,-1.16497005298972,-0.336870180336356
-1.83652340228954,2.12634467050087,0.118587508331984,-1.17335322217875,-0.341061764930872
-2.1055100034657,1.69953704419829,0.119692463194951,-1.18173639136778,-0.345253349525388
-0.273071806912635,-0.721068538200723,0.120353246107697,-1.19011956055681,-0.349444934119904
0.437085391062827,0.326058135662064,0.120944716734812,-1.19850272974585,-0.35363651871442
-1.41289874352916,-0.0518632010681257,0.121138937305659,-1.20688589893488,-0.357828103308936
1.07066893861028,-0.306763369959031,0.121653674170375,-1.21526906812391,-0.362019687903452
-2.51387995962852,-0.208291567257685,0.122141878120601,-1.22365223731294,-0.366211272497968
-2.01327728911248,-2.48886676915209,0.122425809968263,-1.23203540650197,-0.370402857092484
-0.844704928232638,-2.24395214487131,0.122484276304021,-1.24041857569101,-0.374594441687
-1.92248422857401,-0.863449420693195,0.122884077485651,-1.24880174488004,-0.378786026281516
-0.859468959989393,-0.0408981172430374,0.123067831154913,-1.25718491406907,-0.382977610876033
-1.81342282220671,-1.37266260955095,0.124246784951538,-1.2655680832581,-0.387169195470548
-3.07207637412337,-2.95930165479082,0.124587355880067,-1.27395125244714,-0.391360780065065
-0.83759165185305,-1.24666219258763,0.124655162682757,-1.28233442163617,-0.395552364659581
2.68502535543982,0.0468823758601271,0.124844050966203,-1.2907175908252,-0.399743949254097
-0.0364974673524143,1.35471099351234,0.125579352024943,-1.29910076001423,-0.403935533848613
-1.63507521124596,-1.56858556154669,0.125751272309572,-1.30748392920326,-0.408127118443129
1.40334554802252,-1.31848048259177,0.127276990329847,-1.3158670983923,-0.412318703037645
-2.89410962889681,2.446857619232,0.127834637183696,-1.32425026758133,-0.416510287632161
-0.161638464656161,-0.40113925848053,0.129080516053364,-1.33263343677036,-0.420701872226677
-1.66290311483731,-1.74453381061834,0.129480283241719,-1.34101660595939,-0.424893456821193
-0.630904148034023,-0.433436320691502,0.129631943069398,-1.34939977514843,-0.429085041415709
-1.88785572244909,0.446688823664964,0.129657194018364,-1.35778294433746,-0.433276626010225
-0.16730753053496,-1.15604087766928,0.129943442996591,-1.36616611352649,-0.437468210604742
-1.84466409001448,1.47639815082447,0.130229402799159,-1.37454928271552,-0.441659795199257
-2.10473407362575,-1.1466163353779,0.130462906789035,-1.38293245190455,-0.445851379793774
-1.54772618783761,-0.601445507544781,0.130538620287552,-1.39131562109359,-0.45004296438829
-2.24520522083805,1.84603235269837,0.130941638490185,-1.39969879028262,-0.454234548982805
-0.787706640303834,-1.74534276817046,0.131257108179852,-1.40808195947165,-0.458426133577322
-0.543224985743958,-0.807456492850414,0.133040273096412,-1.41646512866068,-0.462617718171838
-1.14745971449991,-1.58205910772742,0.133198364637792,-1.42484829784971,-0.466809302766354
1.34364966318444,-0.0621452011908925,0.133346983464435,-1.43323146703875,-0.47100088736087
1.90489971182118,1.54951350279362,0.134592150105163,-1.44161463622778,-0.475192471955386
-2.72547675717515,-0.733321133149254,0.134694383013994,-1.44999780541681,-0.479384056549902
-1.65390295805871,0.689391997603166,0.135294852545485,-1.45838097460584,-0.483575641144418
-1.07712859082829,0.869861365834749,0.135565958917141,-1.46676414379488,-0.487767225738934
-2.04122810756349,-0.267872034133938,0.135594886960462,-1.47514731298391,-0.49195881033345
0.181938773696252,2.55036614400675,0.136008922941983,-1.48353048217294,-0.496150394927966
-0.709764473091288,-1.3901661606693,0.136107886908576,-1.49191365136197,-0.500341979522482
-0.781288741941893,-0.221029086591489,0.136343854712322,-1.500296820551,-0.504533564116998
-1.27560091530439,-0.383183977267386,0.136666249018162,-1.50867998974004,-0.508725148711514
-0.597382589054635,-0.276270089010689,0.136843348154798,-1.51706315892907,-0.512916733306031
-0.633594873783195,-1.42113426697085,0.136913656955585,-1.5254463281181,-0.517108317900547
-0.22651187041185,-0.0878068129797867,0.137468265136704,-1.53382949730713,-0.521299902495063
-1.40630590910719,0.461628960294036,0.137533863540739,-1.54221266649616,-0.525491487089579
-0.916999083109463,-1.18058531146193,0.137719598365948,-1.5505958356852,-0.529683071684095
-0.982680865417451,2.17744248153983,0.138409147271886,-1.55897900487423,-0.533874656278611
-2.33268133410101,0.240093560331792,0.138695935020223,-1.56736217406326,-0.538066240873127
0.761296384002502,0.414896660265518,0.139507980551571,-1.57574534325229,-0.542257825467643
-1.90990308500131,-0.733604226362808,0.140166194643825,-1.58412851244132,-0.546449410062159
-0.381795476138202,0.409204782927879,0.140231000958011,-1.59251168163036,-0.550640994656675
2.98892981142868,0.0593521197909901,0.140344430925325,-1.60089485081939,-0.554832579251191
-2.48127644217748,-0.427621595470533,0.140552789671347,-1.60927802000842,-0.559024163845708
-0.981225104848594,-1.99207524286524,0.141542822122574,-1.61766118919745,-0.563215748440223
-0.135537287768511,-1.64572584379659,0.142795353662223,-1.62604435838649,-0.56740733303474
-1.91555817367993,-2.29428559938254,0.143168233102188,-1.63442752757552,-0.571598917629256
-0.567497984932306,0.834746877510664,0.143276434391737,-1.64281069676455,-0.575790502223771
1.95217883061139,1.64030391300526,0.143374377861619,-1.65119386595358,-0.579982086818288
-1.14286255503046,0.929316277989542,0.144097972428426,-1.65957703514261,-0.584173671412804
-0.696737998466548,-1.63220807043899,0.144942790735513,-1.66796020433165,-0.58836525600732
-0.760571452912816,-0.524061206307557,0.145606334554031,-1.67634337352068,-0.592556840601836
-0.226933835997289,-0.149250354216199,0.14564401214011,-1.68472654270971,-0.596748425196352
-0.651850690893584,1.13400530513137,0.14640669641085,-1.69310971189874,-0.600940009790868
-1.35811853656864,-0.550984095197123,0.146771233063191,-1.70149288108777,-0.605131594385384
-0.241324200323096,-1.98199450651935,0.147494486067444,-1.70987605027681,-0.6093231789799
-2.21291982315325,-1.45765886273677,0.148195624817163,-1.71825921946584,-0.613514763574416
-2.2928876835817,0.0548589186346282,0.1484329928644,-1.72664238865487,-0.617706348168932
-2.58235509543693,0.300172806400167,0.148483281955123,-1.7350255578439,-0.621897932763448
-1.07859439808057,2.08403309184246,0.14870768552646,-1.74340872703294,-0.626089517357964
-2.07553085970365,-2.62121276522507,0.149403135292232,-1.75179189622197,-0.63028110195248
2.62755389472651,-1.86257806138556,0.149934565182775,-1.760175065411,-0.634472686546997
0.280122178438088,-0.345357487640999,0.150133211864159,-1.76855823460003,-0.638664271141513
-0.820671712415594,1.49045408313764,0.150334720499814,-1.77694140378906,-0.642855855736029
-1.54774631679404,-2.53885033976111,0.153876370517537,-1.7853245729781,-0.647047440330545
-1.34838276713611,-0.591510145861506,0.154539069859311,-1.79370774216713,-0.651239024925061
-2.17691035485289,-1.84967801516854,0.15613531973213,-1.80209091135616,-0.655430609519577
-2.79483695264127,0.291393649523323,0.15635999944061,-1.81047408054519,-0.659622194114093
0.221055545683554,-1.06417819560286,0.157031680457294,-1.81885724973422,-0.663813778708609
-0.352662373172022,2.11106095538502,0.157112504355609,-1.82724041892326,-0.668005363303125
-0.597904453027714,-0.0847710603222573,0.158989185001701,-1.83562358811229,-0.672196947897641
-0.740146835712176,1.01605036834393,0.160576969385147,-1.84400675730132,-0.676388532492157
0.474364680715072,2.02816025115679,0.160850131418556,-1.85238992649035,-0.680580117086673
-2.84284012595094,-0.766231649057314,0.161923184758052,-1.86077309567939,-0.684771701681189
-0.958606126728584,0.0980815239697983,0.162038604728878,-1.86915626486842,-0.688963286275706
-1.27156176116681,0.855925452641817,0.162925770739093,-1.87753943405745,-0.693154870870222
0.045834025399988,-0.19422219066597,0.163479423616081,-1.88592260324648,-0.697346455464738
-1.95441072989919,0.616278892077473,0.164554291404784,-1.89430577243551,-0.701538040059254
-2.92569695504844,-1.17013371861022,0.164863778045401,-1.90268894162455,-0.70572962465377
-1.3641567878962,-2.73598517045051,0.167433625319973,-1.91107211081358,-0.709921209248286
-2.53423259572395,-1.20444968917559,0.167538348585367,-1.91945528000261,-0.714112793842802
-1.40338725902541,0.184695708822322,0.168486451962963,-1.92783844919164,-0.718304378437318
0.23511132601336,0.502543948190515,0.16911414754577,-1.93622161838067,-0.722495963031834
-2.07533471894924,-0.917705790737994,0.16953394189477,-1.94460478756971,-0.72668754762635
-0.813046220928241,-1.8625701821704,0.169545254670084,-1.95298795675874,-0.730879132220866
1.90131316064101,-1.04706518455154,0.16981372772716,-1.96137112594777,-0.735070716815382
-1.8245676695761,0.708595654248503,0.170457170112059,-1.9697542951368,-0.739262301409898
0.0915549347850479,-1.44583134563525,0.170486877905205,-1.97813746432583,-0.743453886004414
-2.03619689638101,-0.614291896652449,0.17168738390319,-1.98652063351487,-0.74764547059893
-1.10811706628131,-0.830219883076595,0.171772317728028,-1.9949038027039,-0.751837055193446
0.16397162626958,2.01878354624982,0.172572703799233,-2.00328697189293,-0.756028639787963
-1.7913243145322,1.46528103538442,0.173313157865778,-2.01167014108196,-0.760220224382479
-1.26864523909898,-2.04638807280019,0.174040464451537,-2.020053310271,-0.764411808976995
-0.777461353763932,-2.46895115755363,0.174538635881618,-2.02843647946003,-0.768603393571511
-0.951695362986479,1.85127881643648,0.175528138875961,-2.03681964864906,-0.772794978166027
1.39944503442449,-0.411457479479443,0.175735163269565,-2.04520281783809,-0.776986562760543
-0.524684977083346,-0.399685060898374,0.176062649581581,-2.05358598702712,-0.781178147355059
-1.84260634170763,-0.465974125910035,0.176469118567184,-2.06196915621616,-0.785369731949575
-2.45763012287429,0.000940001798803713,0.176580962026492,-2.07035232540519,-0.789561316544091
-1.66867425677751,-3.0453690517985,0.176710691303015,-2.07873549459422,-0.793752901138607
-0.853981998864596,1.47855882397198,0.176785107469186,-2.08711866378325,-0.797944485733123
3.12889549351492,-2.82121369052995,0.177264530211687,-2.09550183297228,-0.802136070327639
-2.24946020335869,0.338495941955315,0.179227004293352,-2.10388500216132,-0.806327654922155
-0.50472096735228,-0.311982310992681,0.181188002927229,-2.11226817135035,-0.810519239516672
2.34709906941038,-0.672862404343684,0.182123204926029,-2.12065134053938,-0.814710824111188
2.99478096212301,-2.49867885215003,0.182425711071119,-2.12903450972841,-0.818902408705704
1.01167969629239,-0.290776658662131,0.182656802004203,-2.13741767891745,-0.82309399330022
-1.39447749136091,1.77674751090751,0.183904998935759,-2.14580084810648,-0.827285577894735
0.784005613110212,-1.25463991421439,0.184505993733183,-2.15418401729551,-0.831477162489252
-2.1864697386419,-1.83515084299472,0.184522425290197,-2.16256718648454,-0.835668747083768
-1.30612235516447,-1.38576381179979,0.185354187851772,-2.17095035567357,-0.839860331678284
-2.47362306134951,-1.76142377196219,0.185932994820178,-2.17933352486261,-0.8440519162728
-0.749202383470251,-1.08021823524532,0.186116973403841,-2.18771669405164,-0.848243500867316
-2.09234760476839,-1.81700803095534,0.186136112781242,-2.19609986324067,-0.852435085461832
-1.29358218353154,0.997291012196794,0.186413132352754,-2.2044830324297,-0.856626670056348
-1.62785636521323,1.01504100102052,0.186636956641451,-2.21286620161874,-0.860818254650864
-2.04694510608489,1.08641603348974,0.186939419945702,-2.22124937080777,-0.86500983924538
2.61781813223452,0.474483780490584,0.187344963662326,-2.2296325399968,-0.869201423839896
-1.33909462388027,-0.294724784783396,0.18809725670144,-2.23801570918583,-0.873393008434412
2.9595225077796,-1.7749735033021,0.188939952524379,-2.24639887837486,-0.877584593028929
0.988261379274718,-0.248130048477965,0.189418676774949,-2.2547820475639,-0.881776177623445
0.4275614749998,1.55412071946708,0.191618555225432,-2.26316521675293,-0.885967762217961
2.66045023401167,0.572080116822273,0.191674400819466,-2.27154838594196,-0.890159346812477
-0.978451378693832,0.812412577655317,0.192056461237371,-2.27993155513099,-0.894350931406993
2.91506063509753,-0.836519350085697,0.193024785025045,-2.28831472432002,-0.898542516001509
-2.4261444490464,-0.503649217568013,0.193199715577066,-2.29669789350906,-0.902734100596025
2.97656135938666,-0.6621367332898,0.193756801076233,-2.30508106269809,-0.906925685190541
-2.22581877019134,0.418982781561205,0.193805051967502,-2.31346423188712,-0.911117269785057
-2.77509294296236,1.61896014746817,0.19440167886205,-2.32184740107615,-0.915308854379573
-1.76536864581184,-1.88164986764733,0.194910581223667,-2.33023057026518,-0.919500438974089
-1.28349290318277,-1.15515103849564,0.19507249048911,-2.33861373945422,-0.923692023568605
-1.94233204612134,1.46018316677011,0.195134827401489,-2.34699690864325,-0.927883608163121
-1.16787143081883,-0.966081468187225,0.196015345165506,-2.35538007783228,-0.932075192757638
-2.44703495882153,2.90639158893995,0.197436439339072,-2.36376324702131,-0.936266777352154
-0.337732423952342,0.0426909955325279,0.197913183365017,-2.37214641621035,-0.94045836194667
-2.98858930263707,2.74301545530273,0.197949928464368,-2.38052958539938,-0.944649946541186
-1.56214086756646,0.0749664542683584,0.19859199761413,-2.38891275458841,-0.948841531135701
2.09446113033918,0.245567888884428,0.199097791453823,-2.39729592377744,-0.953033115730218
2.53859303654477,-1.08208783873713,0.19973482307978,-2.40567909296647,-0.957224700324734
-0.985695413046799,-0.338085787923359,0.199763693381101,-2.41406226215551,-0.96141628491925
-0.545509205198506,-1.02159208878363,0.199971868656576,-2.42244543134454,-0.965607869513766
-2.14017906220668,-2.90099594609968,0.200229244306684,-2.43082860053357,-0.969799454108282
-1.08802074351697,-1.33351423579221,0.201401876285672,-2.4392117697226,-0.973991038702798
0.0904389427223165,0.601919773332026,0.201519889757037,-2.44759493891163,-0.978182623297314
1.77881926143136,0.618214354463468,0.201993685914204,-2.45597810810067,-0.98237420789183
-2.24184030543607,1.30220542101897,0.202505688881502,-2.4643612772897,-0.986565792486346
1.24846350520662,-0.774469336504718,0.202559194760397,-2.47274444647873,-0.990757377080862
-2.35468924249967,-0.784127123117596,0.203851125668734,-2.48112761566776,-0.994948961675378
2.92615106788616,0.790027720220215,0.205754039110616,-2.4895107848568,-0.999140546269895
2.85748782410745,-0.73940163201683,0.20739453448914,-2.49789395404583,-1.00333213086441
-1.65237259052005,-1.50088212666131,0.209721374325454,-2.50627712323486,-1.00752371545893
2.27655708789372,2.06973548386452,0.210582330124453,-2.51466029242389,-1.01171530005344
-2.40038722800498,-0.818558133533318,0.21183012588881,-2.52304346161292,-1.01590688464796
-1.58450115729258,-0.47020008092639,0.212597089353949,-2.53142663080196,-1.02009846924248
-1.23862590239249,-0.0374766954800796,0.212672584922984,-2.53980979999099,-1.02429005383699
1.57835130806616,-1.55039818311053,0.212872087722644,-2.54819296918002,-1.02848163843151
-1.45363738382981,-2.20606107689914,0.213163958862424,-2.55657613836905,-1.03267322302602
-2.07715176831054,-1.35250447161097,0.213403702247888,-2.56495930755808,-1.03686480762054
1.90808587133586,-1.94616606493512,0.213873017346486,-2.57334247674712,-1.04105639221506
-2.15571739164617,0.254500470399194,0.213943888666108,-2.58172564593615,-1.04524797680957
-0.201634095701971,-1.0902444570852,0.214147695573047,-2.59010881512518,-1.04943956140409
-0.966131455898684,1.13996510816328,0.214574971003458,-2.59849198431421,-1.0536311459986
1.01518859171062,0.00389414940299071,0.21629067347385,-2.60687515350325,-1.05782273059312
-1.01727943249725,-1.24329771710025,0.21678652567789,-2.61525832269228,-1.06201431518764
-1.9813706288108,-3.06490943792326,0.216963743558154,-2.62364149188131,-1.06620589978215
-0.275582191835513,-1.38538208341742,0.217024486977607,-2.63202466107034,-1.07039748437667
-2.90229312490234,-1.99987509028999,0.21716975281015,-2.64040783025937,-1.07458906897118
-2.05534418336494,-1.04537575896997,0.217795319156721,-2.64879099944841,-1.0787806535657
-2.71879263501479,-2.32909252228459,0.218872250290588,-2.65717416863744,-1.08297223816022
-2.56470884437806,-1.05516361869912,0.218901096377522,-2.66555733782647,-1.08716382275473
-2.74282114697023,-2.38647932475354,0.219444866990671,-2.6739405070155,-1.09135540734925
2.64559220982617,2.57422075832991,0.220147134969011,-2.68232367620453,-1.09554699194376
-0.860317006667533,0.480923212923082,0.221397621789947,-2.69070684539357,-1.09973857653828
-0.430572681770032,-0.531223528907142,0.221563031431288,-2.6990900145826,-1.1039301611328
-1.01507090122187,-0.143702182272082,0.221728069474921,-2.70747318377163,-1.10812174572731
-2.86803224512461,-2.43334535848641,0.223407551646233,-2.71585635296066,-1.11231333032183
-2.09227336389069,-0.881384264265144,0.2235301528126,-2.7242395221497,-1.11650491491634
-1.08991450794995,-0.457311279234304,0.22561760339886,-2.73262269133873,-1.12069649951086
-3.13832099731683,-0.713165036118602,0.225646554259583,-2.74100586052776,-1.12488808410538
-2.72731719419214,-1.34682319991369,0.227331309579313,-2.74938902971679,-1.12907966869989
2.74416042030475,-0.0190781159852635,0.227372814202681,-2.75777219890582,-1.13327125329441
-1.37846338312249,-0.839530839218451,0.227927245432511,-2.76615536809486,-1.13746283788892
-2.80285115361377,-2.47716232629081,0.228273836197332,-2.77453853728389,-1.14165442248344
0.707682052851681,-0.277147408667703,0.228487236425281,-2.78292170647292,-1.14584600707796
0.812501781230715,-0.678326371257788,0.228728497866541,-2.79130487566195,-1.15003759167247
-3.02855982981919,-0.0869055386627169,0.229991156375036,-2.79968804485098,-1.15422917626699
-2.66701461241071,-0.945915542232284,0.230615163454786,-2.80807121404002,-1.15842076086151
1.14423603995336,3.08646056534428,0.230941522167996,-2.81645438322905,-1.16261234545602
2.56862754712526,-9.99530800123161e-05,0.23182274797,-2.82483755241808,-1.16680393005054
-2.4763948655648,-2.18740462083284,0.231956648640335,-2.83322072160711,-1.17099551464505
-2.30607096649601,-1.25853196494176,0.232128309318796,-2.84160389079615,-1.17518709923957
1.61141378286778,1.83372923811692,0.232329512713477,-2.84998705998518,-1.17937868383409
-1.8391783144946,-1.45740962334876,0.232410030905157,-2.85837022917421,-1.1835702684286
2.60793079841309,1.13329766096306,0.232818069402128,-2.86675339836324,-1.18776185302312
3.00400368220221,0.488233534055095,0.233637338038534,-2.87513656755227,-1.19195343761763
2.52220943442839,0.000900628397451086,0.233706993749365,-2.88351973674131,-1.19614502221215
-1.82719943193434,-1.13028361398948,0.23758831503801,-2.89190290593034,-1.20033660680667
2.54847306404751,-2.66614508882581,0.237758979899809,-2.90028607511937,-1.20452819140118
-1.61877079243464,-1.94124416997296,0.23889098665677,-2.9086692443084,-1.2087197759957
-2.73063889182333,2.38272622281776,0.239251826656982,-2.91705241349743,-1.21291136059021
-1.83709507094501,-2.1702382581518,0.239803537959233,-2.92543558268647,-1.21710294518473
2.23312975328533,-0.910416824004628,0.240789340110496,-2.9338187518755,-1.22129452977925
-3.11949006978937,-2.77629178155108,0.240876602940261,-2.94220192106453,-1.22548611437376
-2.79296801727084,-2.35318473854441,0.241562086390331,-2.95058509025356,-1.22967769896828
-1.89803314178551,-1.04737131688439,0.241563632618636,-2.9589682594426,-1.23386928356279
0.185827316972374,-1.67240587088369,0.241728694876656,-2.96735142863163,-1.23806086815731
1.18470194415698,-1.62867752045342,0.242521621286869,-2.97573459782066,-1.24225245275183
-1.99351143298807,1.09937921356457,0.242777964798734,-2.98411776700969,-1.24644403734634
-1.29197574189589,-1.92005890969378,0.243244145298377,-2.99250093619872,-1.25063562194086
-2.89346297911078,-2.13392941815809,0.243567843921483,-3.00088410538776,-1.25482720653537
2.56770319642903,-1.0166800902735,0.244961148826405,-3.00926727457679,-1.25901879112989
-2.35297697704003,-1.61326351131042,0.245925650000572,-3.01765044376582,-1.26321037572441
-1.41580248562996,-2.41307251277032,0.246027782559395,-3.02603361295485,-1.26740196031892
-0.960248319205365,-0.0799403417971924,0.247282350668684,-3.03441678214388,-1.27159354491344
1.9236591078348,-0.85941341227658,0.248130398336798,-3.04279995133292,-1.27578512950795
-2.54771570466494,-0.813570334423553,0.248304908629507,-3.05118312052195,-1.27997671410247
-2.61171673887213,1.03287243728731,0.248880462022498,-3.05956628971098,-1.28416829869699
2.69707238706009,2.85582076341324,0.249051850987598,-3.06794945890001,-1.2883598832915
0.460579514595095,2.05423842690067,0.249366966774687,-3.07633262808904,-1.29255146788602
1.9650714392343,-1.23225988054798,0.249725661240518,-3.08471579727808,-1.29674305248054
-0.857064295813373,-0.990627866513815,0.250510387122631,-3.09309896646711,-1.30093463707505
-1.81366190586789,-1.48668045004311,0.25073155364953,-3.10148213565614,-1.30512622166957
-2.11436488726416,-2.17357949981784,0.250793874962255,-3.10986530484517,-1.30931780626408
-0.415759386482386,-2.45010082355399,0.250799215631559,-3.11824847403421,-1.3135093908586
-3.13855902901843,0.811451095205791,0.251345300348476,-3.12663164322324,-1.31770097545312
2.40945419550231,2.097679269525,0.25141680566594,-3.13501481241227,-1.32189256004763
-0.202792701359639,-2.36586683925408,0.251744055654854,3.13978732557828,-1.32608414464215
2.82605294729404,-1.22117425067394,0.253336851950735,3.13140415638925,-1.33027572923666
-2.69607190868719,-2.07182210629071,0.253900276264176,3.12302098720022,-1.33446731383118
-2.48127359051256,-0.632111731887416,0.254790870472789,3.11463781801119,-1.3386588984257
1.41994057998273,-2.12487364587828,0.255819740705192,3.10625464882215,-1.34285048302021
2.64923501740107,-2.62531639396,0.256018095649779,3.09787147963312,-1.34704206761473
-1.97336465024531,3.10904218222035,0.256028098519892,3.08948831044409,-1.35123365220924
3.00059255288255,-2.00452973453672,0.256696556694806,3.08110514125506,-1.35542523680376
2.27103061049964,-1.09356215876486,0.256733963033184,3.07272197206603,-1.35961682139828
2.58314908732609,-1.98274912769627,0.259605182334781,3.06433880287699,-1.36380840599279
2.42701787796088,-2.61830528687221,0.260147185530514,3.05595563368796,-1.36799999058731
-1.99897793891905,-1.54053770536281,0.260204155696556,3.04757246449893,-1.37219157518182
-2.95847825246002,0.421767443323033,0.260980637744069,3.0391892953099,-1.37638315977634
-3.10854249429753,0.962399176950518,0.261169793084264,3.03080612612087,-1.38057474437086
1.23970510016129,-1.55004328379054,0.261473299004138,3.02242295693183,-1.38476632896537
-0.152165842628651,-0.25098152501731,0.265483152586967,3.0140397877428,-1.38895791355989
2.30131320515087,-2.3123644130433,0.266519594704732,3.00565661855377,-1.3931494981544
2.75209055875718,-2.35485401612802,0.268247104715556,2.99727344936474,-1.39734108274892
-1.39544783268966,-1.02545323641235,0.268639636458829,2.98889028017571,-1.40153266734344
-1.060842261245,-1.11965241221975,0.27032751054503,2.98050711098667,-1.40572425193795
-3.09196383871203,-0.212903589590756,0.270709412870929,2.97212394179764,-1.40991583653247
-2.89470840032332,-0.258536411485182,0.271647504763678,2.96374077260861,-1.41410742112699
-2.54981474721144,-1.19918117247228,0.271877470891923,2.95535760341958,-1.4182990057215
-0.660440409026945,-1.09012702026302,0.272992294747382,2.94697443423054,-1.42249059031602
-2.62253122365883,1.71569435148809,0.273418076802045,2.93859126504151,-1.42668217491053
1.43418212062445,-2.385610173531,0.273554940475151,2.93020809585248,-1.43087375950505
-2.29587245715604,-1.63454175234755,0.275836725020781,2.92182492666345,-1.43506534409957
2.40728343620356,-2.04299890087351,0.275884676957503,2.91344175747442,-1.43925692869408
-1.82228918847846,-1.9697507092256,0.276420248672366,2.90505858828538,-1.4434485132886
2.95298127843171,-1.70684709421814,0.276468836469576,2.89667541909635,-1.44764009788311
-1.59710996670415,-1.92998933893556,0.27648611785844,2.88829224990732,-1.45183168247763
-0.537780755201086,-0.13357931394072,0.277573401574045,2.87990908071829,-1.45602326707215
0.880187461356024,-2.33861566674979,0.277640954591334,2.87152591152926,-1.46021485166666
2.79133061089078,-1.60204329175244,0.277816905407235,2.86314274234022,-1.46440643626118
1.55494523913006,-2.85312198415699,0.279456562362611,2.85475957315119,-1.46859802085569
-1.38429681219199,2.02582120115425,0.279585721902549,2.84637640396216,-1.47278960545021
2.34733636463342,-0.212894226025955,0.279924326576293,2.83799323477313,-1.47698119004473
-1.58909637389309,-1.2681424925615,0.280845709843561,2.8296100655841,-1.48117277463924
1.8396955083395,0.118999474782473,0.281481303973123,2.82122689639506,-1.48536435923376
3.02013060688143,0.699739239549388,0.284110390581191,2.81284372720603,-1.48955594382827
-1.30649829309969,-2.55881483573116,0.284677926683798,2.804460558017,-1.49374752842279
-0.536793915169353,-0.628272797792559,0.284728109138086,2.79607738882797,-1.49793911301731
1.89438532461148,-0.356636717101254,0.285446883644909,2.78769421963893,-1.50213069761182
-2.22258252212155,-1.04634673763437,0.285914114443585,2.7793110504499,-1.50632228220634
-2.72003545337321,-2.40904638877811,0.286398278782144,2.77092788126087,-1.51051386680085
-1.27733267355467,-0.260514173213958,0.286588703747839,2.76254471207184,-1.51470545139537
-2.1484330341271,-2.97713065574252,0.286956176627427,2.75416154288281,-1.51889703598989
-1.25100606392457,-3.05638961966981,0.287849761079997,2.74577837369377,-1.5230886205844
2.80070075653806,-2.3832472564463,0.287972990889102,2.73739520450474,-1.52728020517892
2.70614027855785,2.76978351961767,0.28814134397544,2.72901203531571,-1.53147178977343
-2.54720524191031,-0.217692193533304,0.2884236946702,2.72062886612668,-1.53566337436795
3.0303119224663,-1.59549017583251,0.289350850740448,2.71224569693764,-1.53985495896247
-1.72364932553342,-0.437395911463429,0.289585711201653,2.70386252774861,-1.54404654355698
1.85340423683713,-1.06429330949481,0.291042117634788,2.69547935855958,-1.5482381281515
-1.40595519791246,-2.18526386139057,0.292168797459453,2.68709618937055,-1.55242971274602
2.56405593593538,-0.707133207852901,0.292336794780567,2.67871302018152,-1.55662129734053
-2.11170347915773,-2.72157028387244,0.292751954635605,2.67032985099248,-1.56081288193505
1.89169794826836,-0.131832748094457,0.293491788208485,2.66194668180345,-1.56500446652956
3.13653283471142,-3.09341420345195,0.294498230563477,2.65356351261442,-1.56919605112408
3.01198203232111,0.622999286757667,0.295650772517547,2.64518034342539,-1.5733876357186
-1.37191115026449,-2.96814094360222,0.296767910243943,2.63679717423636,-1.57757922031311
2.56571912052653,0.0373779191110399,0.297014003619552,2.62841400504732,-1.58177080490763
2.86037719687648,-2.66835549366036,0.297827007481828,2.62003083585829,-1.58596238950214
2.5415476958308,0.20175261566142,0.298380761407316,2.61164766666926,-1.59015397409666
2.24394984735842,-0.626993324960045,0.300391816766933,2.60326449748023,-1.59434555869118
-1.66784677388567,-0.847832456868732,0.300606370903552,2.5948813282912,-1.59853714328569
2.87020168852525,0.175675780177237,0.302590295905247,2.58649815910216,-1.60272872788021
2.36719953599098,-0.947607447057907,0.30267328559421,2.57811498991313,-1.60692031247472
-1.99422982702719,-0.712453976112456,0.302971343044192,2.5697318207241,-1.61111189706924
-2.89885776998352,0.418617638283401,0.303716444876045,2.56134865153507,-1.61530348166376
-2.47696608899201,-1.63099431561368,0.304189605405554,2.55296548234604,-1.61949506625827
1.30566048668804,-2.84171679548818,0.304935031570494,2.544582313157,-1.62368665085279
2.53776354950787,-1.12200483981283,0.305073464754969,2.53619914396797,-1.6278782354473
-1.83303100918043,-1.49149951135506,0.305244902148843,2.52781597477894,-1.63206982004182
-2.85430576479101,0.821835327122475,0.305759803159162,2.51943280558991,-1.63626140463634
2.27644333578129,-2.13509847110954,0.306236765347421,2.51104963640087,-1.64045298923085
1.38459773294101,0.521282075797882,0.306936188368127,2.50266646721184,-1.64464457382537
2.17115067192539,-0.683924873764519,0.307049354771152,2.49428329802281,-1.64883615841988
1.37212756345278,0.572086122421436,0.307193506509066,2.48590012883378,-1.6530277430144
2.35859056958957,0.0775101237450038,0.307277982588857,2.47751695964475,-1.65721932760892
-2.20608534919368,-2.70951045253495,0.308360563125461,2.46913379045571,-1.66141091220343
2.96773054471256,-1.81626914249466,0.308408915996552,2.46075062126668,-1.66560249679795
-1.47772464383586,-1.53367392271991,0.308537259465083,2.45236745207765,-1.66979408139247
2.40092672330672,-2.82538296597983,0.308924854267389,2.44398428288862,-1.67398566598698
2.01980103093042,1.50157723681354,0.309035215293989,2.43560111369958,-1.6781772505815
2.21715325773252,-1.54270290821365,0.309171017725021,2.42721794451055,-1.68236883517601
-2.93037027080942,0.29592859581982,0.309547618497163,2.41883477532152,-1.68656041977053
-0.726253098666395,0.372301865522704,0.309974411036819,2.41045160613249,-1.69075200436505
2.54153995964201,-1.37299002220625,0.310378851369023,2.40206843694346,-1.69494358895956
2.6875773227882,-1.44561038440156,0.31069347076118,2.39368526775442,-1.69913517355408
1.21063360464818,-0.290711045746982,0.311967317014933,2.38530209856539,-1.70332675814859
2.15103693605039,-0.304391115611502,0.314726324286312,2.37691892937636,-1.70751834274311
1.05392688826296,-0.854798351653616,0.315593757200986,2.36853576018733,-1.71170992733763
2.86171026326795,-0.192720612897207,0.31726291985251,2.36015259099829,-1.71590151193214
2.82942160219559,-0.507879961026307,0.318019214319065,2.35176942180926,-1.72009309652666
-2.9638738495475,-2.89290091377003,0.318797623971477,2.34338625262023,-1.72428468112117
2.57432946092054,-1.32077969073098,0.319559682626277,2.3350030834312,-1.72847626571569
2.36638683379812,-2.672724954531,0.3195822450798,2.32661991424217,-1.73266785031021
0.592291322018278,-1.05856698504014,0.320028049871325,2.31823674505313,-1.73685943490472
1.74183757957343,-0.659051525954444,0.321365502895787,2.3098535758641,-1.74105101949924
3.04600032824552,-2.11827889246085,0.322983560385182,2.30147040667507,-1.74524260409375
-2.53928314813453,-2.38527183069558,0.323964942479506,2.29308723748604,-1.74943418868827
-2.27514303866505,-1.83224483711528,0.326453900430351,2.28470406829701,-1.75362577328279
2.36922551191961,-0.338930835917789,0.326745024882257,2.27632089910797,-1.7578173578773
-1.91529520745134,-1.58684092365314,0.326886140275747,2.26793772991894,-1.76200894247182
-1.19675175640045,2.52269464028081,0.327684390824288,2.25955456072991,-1.76620052706634
2.68873910127306,-1.73494722822251,0.328253156738356,2.25117139154088,-1.77039211166085
1.88363552322153,-0.0224991130257672,0.328737521078438,2.24278822235185,-1.77458369625537
2.14621479758809,-1.27268621382894,0.329007647000253,2.23440505316281,-1.77877528084988
1.74556408567947,0.267405338892411,0.330061531392857,2.22602188397378,-1.7829668654444
1.64616706421466,-0.456584144107874,0.33069849642925,2.21763871478475,-1.78715845003892
1.19808167675693,1.22763040009745,0.331830323906615,2.20925554559572,-1.79135003463343
0.198278123432699,-2.80488944841708,0.3321299594827,2.20087237640668,-1.79554161922795
2.86867758964114,-1.04232211097622,0.332186084007844,2.19248920721765,-1.79973320382246
2.39185615256704,-0.0534892450119875,0.332527555292472,2.18410603802862,-1.80392478841698
2.64963276976175,-1.84896205766706,0.332766296109185,2.17572286883959,-1.8081163730115
-2.65469528042771,-1.46362259576138,0.333085482707247,2.16733969965056,-1.81230795760601
-2.60108355336611,2.72868396672754,0.33362393383868,2.15895653046152,-1.81649954220053
-2.47960201074561,-2.17529140917677,0.333756300853565,2.15057336127249,-1.82069112679504
-2.92468387268776,0.464537868812834,0.334241195814684,2.14219019208346,-1.82488271138956
1.35147799218214,-1.13589929908142,0.33594124019146,2.13380702289443,-1.82907429598408
1.57937911264139,-0.549140858783426,0.336785903666168,2.1254238537054,-1.83326588057859
2.01584811709864,-2.81101999824637,0.336943192407489,2.11704068451636,-1.83745746517311
0.736033102427022,1.55243157896702,0.337667387677357,2.10865751532733,-1.84164904976762
2.68457078775177,-0.681001796988715,0.339334980817512,2.1002743461383,-1.84584063436214
1.59597519800351,-1.14864007847018,0.33979116124101,2.09189117694927,-1.85003221895666
-1.95755741301252,-2.47195844773397,0.340397608466446,2.08350800776024,-1.85422380355117
-2.98034634238516,-0.794683910005737,0.340772782685235,2.0751248385712,-1.85841538814569
2.58001377070025,0.955760280619378,0.341182728298008,2.06674166938217,-1.8626069727402
1.87056066450056,-1.12024590944198,0.341184182791039,2.05835850019314,-1.86679855733472
0.866623772960868,-3.03010625891047,0.343848792370409,2.04997533100411,-1.87099014192924
1.19971640243647,-1.53517042325816,0.345355378231034,2.04159216181507,-1.87518172652375
2.38916984062343,-0.545722275517158,0.34550124197267,2.03320899262604,-1.87937331111827
2.52909621377984,1.86942102736382,0.345960225211456,2.02482582343701,-1.88356489571278
1.39291353090524,-1.27411062281777,0.346319136908278,2.01644265424798,-1.8877564803073
-3.09461995891021,-2.02069755044887,0.346529290778562,2.00805948505895,-1.89194806490182
-2.20077553437279,-0.690029804021816,0.347159871133044,1.99967631586991,-1.89613964949633
2.90854936515009,-2.04831764018829,0.347399116260931,1.99129314668088,-1.90033123409085
2.32000393370765,-0.775579504128991,0.347476105205715,1.98290997749185,-1.90452281868537
1.19854701958283,-1.88508430895539,0.347882458008826,1.97452680830282,-1.90871440327988
-1.63136342430822,-2.53187516175696,0.348172727040946,1.96614363911378,-1.9129059878744
-2.81399290895093,-2.79675135082609,0.348454398335889,1.95776046992475,-1.91709757246891
2.6981461292708,-1.20363368828416,0.348909062566236,1.94937730073572,-1.92128915706343
2.35063974421421,-1.36721044750676,0.349344765767455,1.94099413154669,-1.92548074165795
1.6084780920713,-2.26608941183297,0.349793033208698,1.93261096235766,-1.92967232625246
1.47270603449987,-2.96370814111797,0.349864072864875,1.92422779316862,-1.93386391084698
2.9152134473443,-2.46750596262918,0.351801307871938,1.91584462397959,-1.93805549544149
1.85073100953157,-2.20169487874363,0.352649807231501,1.90746145479056,-1.94224708003601
2.52696781405112,0.154117191709194,0.352886861655861,1.89907828560153,-1.94643866463053
2.20641824132457,-2.54745387887716,0.353418394457549,1.8906951164125,-1.95063024922504
0.432269059814704,1.88978028870313,0.357484435196966,1.88231194722346,-1.95482183381956
0.434950380215984,3.08234122351675,0.358300366904587,1.87392877803443,-1.95901341841407
-3.1003461023111,2.44776588739109,0.358736702008173,1.8655456088454,-1.96320500300859
2.26083912795586,-1.04234085234358,0.358942075399682,1.85716243965637,-1.96739658760311
0.667411510245013,-0.108797616987952,0.358944999286905,1.84877927046734,-1.97158817219762
2.35416543702424,-1.08663244773737,0.359365520533174,1.8403961012783,-1.97577975679214
1.77832518493622,-2.10248802298145,0.359601845033467,1.83201293208927,-1.97997134138665
2.55073983049551,-1.70200246392057,0.359765775967389,1.82362976290024,-1.98416292598117
2.22881217832576,-1.93307032471722,0.359774803975597,1.81524659371121,-1.98835451057569
1.75223445873462,-1.49757666662055,0.360353006515652,1.80686342452218,-1.9925460951702
1.14035277795519,-2.81303676462739,0.36066549224779,1.79848025533314,-1.99673767976472
2.86668555013672,-1.11954231652483,0.360763893695548,1.79009708614411,-2.00092926435923
2.97474647257397,-3.0666995071098,0.363866044441238,1.78171391695508,-2.00512084895375
1.50693781442848,2.60552926296568,0.364688743138686,1.77333074776605,-2.00931243354827
1.78759779244955,-1.63080378958926,0.365086913341656,1.76494757857701,-2.01350401814278
1.58729000784865,-0.245208469964506,0.365488962270319,1.75656440938798,-2.0176956027373
0.37010490490611,-2.39830313717806,0.365600509103388,1.74818124019895,-2.02188718733182
1.81916402546792,-1.98821672149852,0.366438508266583,1.73979807100992,-2.02607877192633
1.05475315332453,-0.196200065135133,0.367210547905415,1.73141490182089,-2.03027035652085
1.99385673045883,2.97746336255516,0.367286779452115,1.72303173263185,-2.03446194111536
1.44646791838499,-0.790193271906419,0.367292775539681,1.71464856344282,-2.03865352570988
1.9895384968557,-0.512468710756889,0.367328173946589,1.70626539425379,-2.0428451103044
-2.30281057945297,-0.209993707944752,0.367671910207719,1.69788222506476,-2.04703669489891
-1.89892417108472,-2.08449447787025,0.368061232380569,1.68949905587573,-2.05122827949343
1.06518977799285,-1.99130469334464,0.368776599410921,1.68111588668669,-2.05541986408794
3.00507357931094,-2.11178650902029,0.369110325118527,1.67273271749766,-2.05961144868246
0.913379781703803,-2.0001216056444,0.369132469175383,1.66434954830863,-2.06380303327698
1.83289694059161,-3.11792765563076,0.369427127530798,1.6559663791196,-2.06799461787149
1.41112397704344,-0.954696874766967,0.370159731945023,1.64758320993056,-2.07218620246601
1.83317871324073,-1.80718635821942,0.371636331547052,1.63920004074153,-2.07637778706052
-2.87361939635101,0.697234572475215,0.371811147546396,1.6308168715525,-2.08056937165504
0.0796261013399757,-0.806315535989727,0.371924668550491,1.62243370236347,-2.08476095624956
-0.698597182632631,-0.987127647094028,0.372369173448533,1.61405053317444,-2.08895254084407
-0.119225324562931,-1.27304513403513,0.372666105628014,1.6056673639854,-2.09314412543859
2.99024589774463,-2.21639767913121,0.372670694021508,1.59728419479637,-2.0973357100331
-2.58417011535897,-2.58943942269098,0.372693612938747,1.58890102560734,-2.10152729462762
-1.96507224867368,-1.85611424111844,0.372710884083062,1.58051785641831,-2.10571887922214
-2.84653846942554,-1.0243415435166,0.373603361891583,1.57213468722927,-2.10991046381665
1.62000618554759,-1.90897913420547,0.37511939345859,1.56375151804024,-2.11410204841117
-0.104854665563539,-2.50797150202589,0.375162291806191,1.55536834885121,-2.11829363300568
2.02932808159004,-1.64558666735533,0.376928391866386,1.54698517966218,-2.1224852176002
1.99246202496115,0.42682485034401,0.379383813589811,1.53860201047315,-2.12667680219472
0.632704156870881,2.29518444112452,0.37981572910212,1.53021884128411,-2.13086838678923
-1.43508682602563,-0.945598460343976,0.381992588518187,1.52183567209508,-2.13505997138375
1.22862746373267,-0.924358137975428,0.382030109642074,1.51345250290605,-2.13925155597826
0.980774093251688,-3.01306593662078,0.382436002371833,1.50506933371702,-2.14344314057278
2.4828855369891,-1.29230828793387,0.382816544733942,1.49668616452798,-2.1476347251673
2.18647469035129,-0.638938923453068,0.382921221666038,1.48830299533895,-2.15182630976181
3.02834354651309,-1.07118473968673,0.383116333978251,1.47991982614992,-2.15601789435633
2.98467473128227,-2.36150758633853,0.38472767570056,1.47153665696089,-2.16020947895085
0.939798325079938,-1.11018034797447,0.385339742759243,1.46315348777186,-2.16440106354536
-3.13629437426421,3.1179766775199,0.385834141867235,1.45477031858282,-2.16859264813988
2.27882282799544,-1.7242004467891,0.386878539808095,1.44638714939379,-2.17278423273439
2.43169869139418,-2.7999113464021,0.388516041915864,1.43800398020476,-2.17697581732891
1.86372271734688,-2.76439861630791,0.388774627819657,1.42962081101573,-2.18116740192343
3.04751141421954,0.157661217715498,0.389482568018138,1.4212376418267,-2.18535898651794
-3.02350846365494,1.43291048762473,0.39156763930805,1.41285447263766,-2.18955057111246
0.0728451860829935,0.210943464294045,0.391823895974085,1.40447130344863,-2.19374215570697
3.00140607810683,-2.08594679826132,0.394005404552445,1.3960881342596,-2.19793374030149
2.25582541471493,2.69415661198973,0.394196991343051,1.38770496507057,-2.20212532489601
0.221115786627871,2.89325202902323,0.394213638268411,1.37932179588154,-2.20631690949052
2.95164702945749,-1.99840273812957,0.394375264411792,1.3709386266925,-2.21050849408504
2.41649708785699,2.08022725247909,0.395879942225292,1.36255545750347,-2.21470007867955
0.948175350306208,-0.407336001318067,0.397732594748959,1.35417228831444,-2.21889166327407
-0.821219126581971,-1.36200769484349,0.398477825336158,1.34578911912541,-2.22308324786859
-2.39124411637106,2.36144818869637,0.398507638834417,1.33740594993638,-2.2272748324631
1.24404938435113,-2.83448407479091,0.398937180638313,1.32902278074734,-2.23146641705762
-0.452660725345885,2.54153902590114,0.399851292837411,1.32063961155831,-2.23565800165213
1.23872809589798,-2.1835347128711,0.399961121147498,1.31225644236928,-2.23984958624665
2.63144706912115,-2.80508505361845,0.40013877581805,1.30387327318025,-2.24404117084117
1.28724704279245,-1.19790444777423,0.401610067579895,1.29549010399121,-2.24823275543568
-2.10813223569739,-1.24929339745189,0.401829543756321,1.28710693480218,-2.2524243400302
0.355919191629113,-2.62557481831272,0.402131792157888,1.27872376561315,-2.25661592462472
0.0851045601764078,-1.95715866591451,0.402262399438769,1.27034059642412,-2.26080750921923
0.532220274287109,-2.35594271642551,0.402991897659376,1.26195742723509,-2.26499909381375
2.73974497105516,-1.32898853512384,0.403789493255317,1.25357425804605,-2.26919067840826
1.21577937675517,-1.36529142145705,0.40470291976817,1.24519108885702,-2.27338226300278
0.413719556783242,0.00657729947602004,0.405803157249466,1.23680791966799,-2.2775738475973
1.80758569967138,-3.06896442043203,0.406088900519535,1.22842475047896,-2.28176543219181
2.57945136139804,-1.74769780978608,0.406413312302902,1.22004158128992,-2.28595701678633
-2.77206457260549,-2.10000504374077,0.406462497543544,1.21165841210089,-2.29014860138084
2.81404126024284,-2.53864020968228,0.406784751918167,1.20327524291186,-2.29434018597536
-2.71621360092789,-0.631456169887905,0.406862757401541,1.19489207372283,-2.29853177056988
-0.298710782586196,-1.15694267158174,0.407775511266664,1.1865089045338,-2.30272335516439
1.44261220821998,-0.69604158075028,0.408208196982741,1.17812573534476,-2.30691493975891
0.575228016889771,2.57063089354935,0.408668532269076,1.16974256615573,-2.31110652435342
-0.74153204379517,-2.68373737601608,0.408745165215805,1.1613593969667,-2.31529810894794
1.94339407632519,-1.96093082780057,0.410111081786454,1.15297622777767,-2.31948969354246
1.22818759596133,-1.60212016744493,0.410390122793615,1.14459305858864,-2.32368127813697
0.483107058334476,-1.90610084125851,0.410390800330788,1.1362098893996,-2.32787286273149
1.4412565882485,-0.430897069616287,0.410918752197176,1.12782672021057,-2.332064447326
-0.0603157433573607,-0.973147486782097,0.412315312307328,1.11944355102154,-2.33625603192052
2.95013643599816,-2.64501475295571,0.414782904554158,1.11106038183251,-2.34044761651504
2.42458729616848,0.112040200022662,0.415050809271634,1.10267721264348,-2.34463920110955
-2.30459139197255,-2.32780589396252,0.415406719082966,1.09429404345444,-2.34883078570407
0.827611695361787,-2.49706292702823,0.417869493365288,1.08591087426541,-2.35302237029858
-2.39723602010205,0.733725194628519,0.420280437916517,1.07752770507638,-2.3572139548931
1.65899652708386,2.82229330628787,0.420343102188781,1.06914453588735,-2.36140553948762
0.440430694627223,-1.97699563760387,0.420766867697239,1.06076136669831,-2.36559712408213
2.22275723544384,0.862853033795815,0.421715567354113,1.05237819750928,-2.36978870867665
-0.0852420113065957,-2.55652611786351,0.421961611835286,1.04399502832025,-2.37398029327116
0.089622194635802,-1.08776095188421,0.42290204600431,1.03561185913122,-2.37817187786568
1.38325961846676,-2.98172532737095,0.424426225479692,1.02722868994219,-2.3823634624602
2.58168251515535,0.611142748760024,0.424749600002542,1.01884552075315,-2.38655504705471
2.51353985155884,-2.17986839814444,0.425282931420952,1.01046235156412,-2.39074663164923
1.8174159769715,2.49701865011323,0.425804214086384,1.00207918237509,-2.39493821624374
0.717932231429254,2.59360196893109,0.426167550263926,0.993696013186057,-2.39912980083826
1.48718895779857,-2.06207737457382,0.42623831378296,0.985312843997026,-2.40332138543278
-3.02819623146627,0.0796241643984481,0.427162936888635,0.976929674807993,-2.40751297002729
-2.44404633553099,2.8642506846507,0.427986419061199,0.968546505618962,-2.41170455462181
2.21252045001984,2.04579168848462,0.42900694347918,0.960163336429929,-2.41589613921633
0.207688134831287,2.72020190503774,0.429311781655997,0.951780167240896,-2.42008772381084
2.62806140033446,-2.39350800863841,0.43009773013182,0.943396998051865,-2.42427930840536
0.664313893888369,-1.47799927004892,0.431840812321752,0.935013828862832,-2.42847089299987
0.0957344095094932,-2.70581749801027,0.432224874617532,0.926630659673801,-2.43266247759439
0.186881784231616,-2.49349095625249,0.432474601315334,0.918247490484768,-2.43685406218891
2.43524347232907,-2.65389799285064,0.432756619527936,0.909864321295736,-2.44104564678342
2.18871059375596,-2.37854143442039,0.433221311774105,0.901481152106705,-2.44523723137794
1.62696126578289,-1.34751418729563,0.433967622229829,0.893097982917672,-2.44942881597245
1.08149588665887,-0.876595658210437,0.434016008395702,0.884714813728641,-2.45362040056697
1.77823023597927,2.9835547696939,0.43454347201623,0.876331644539608,-2.45781198516149
1.87026049336892,3.11248202186785,0.436218115268275,0.867948475350575,-2.462003569756
-0.700898903987575,-2.22992195281053,0.436459621181712,0.859565306161542,-2.46619515435052
1.31052968437426,-1.40543533076008,0.436805973295122,0.851182136972511,-2.47038673894503
1.5112055996079,1.74171424624833,0.437354246620089,0.842798967783478,-2.47457832353955
2.58553092582335,2.41150915156944,0.438082937616855,0.834415798594447,-2.47876990813407
2.52138498606559,-2.74689465647117,0.438160675577819,0.826032629405415,-2.48296149272858
1.69411174716906,2.80114295199464,0.438746883999556,0.817649460216382,-2.4871530773231
2.70453323378208,3.03749608775904,0.438854458509013,0.809266291027351,-2.49134466191761
0.983709295404655,-2.74016647405709,0.439561877865344,0.800883121838318,-2.49553624651213
1.15915641580688,-1.62693997207005,0.44007964595221,0.792499952649287,-2.49972783110665
2.74698198051307,-1.92626358559326,0.440536914858967,0.784116783460254,-2.50391941570116
0.962190657888162,-0.847580625045314,0.442422297084704,0.775733614271221,-2.50811100029568
1.12797548400845,-2.62677521786345,0.442574724322185,0.76735044508219,-2.51230258489019
-1.81511107847317,-2.45514557229754,0.443433374864981,0.758967275893157,-2.51649416948471
0.749400768532128,-2.49103843533987,0.443493266124278,0.750584106704126,-2.52068575407923
0.18303911737431,-0.931802358740534,0.44443151797168,0.742200937515094,-2.52487733867374
1.96658620216432,1.85156925750165,0.445738455047831,0.733817768326061,-2.52906892326826
0.197090209569053,2.11289130944328,0.446594042005017,0.72543459913703,-2.53326050786278
1.40502678271967,-1.6965687406869,0.447493610903621,0.717051429947997,-2.53745209245729
1.28232079825536,-2.86747392475509,0.44829904101789,0.708668260758966,-2.54164367705181
1.7195212614043,-1.70767592961024,0.448413205798715,0.700285091569933,-2.54583526164632
1.82123298246213,-0.325546851013655,0.448727863375098,0.6919019223809,-2.55002684624084
2.01915451988811,2.07267610438142,0.449088745983317,0.683518753191869,-2.55421843083536
2.42636800938475,-2.80687081413895,0.449583044508472,0.675135584002836,-2.55841001542987
-1.19719609629355,-1.67035880169858,0.450314368354157,0.666752414813805,-2.56260160002439
1.38823971673982,3.02009157187465,0.450955223292112,0.658369245624773,-2.5667931846189
1.28225131493257,-2.45494419888302,0.451350187184289,0.64998607643574,-2.57098476921342
-1.58469684442505,-0.319497184617244,0.451379898004234,0.641602907246709,-2.57517635380794
0.784017890907337,2.50539395228536,0.451383137144148,0.633219738057676,-2.57936793840245
0.769423910392461,2.97341354815983,0.452369280159473,0.624836568868643,-2.58355952299697
-3.11288276050493,-1.55224310037503,0.452766415430233,0.61645339967961,-2.58775110759148
0.0158945882769412,-2.22280356124818,0.453447737265378,0.608070230490579,-2.591942692186
-0.973792524405351,0.0839233079526278,0.453574914718047,0.599687061301546,-2.59613427678052
0.339926252675882,-2.78721152005801,0.454199151601642,0.591303892112515,-2.60032586137503
0.38262196791769,-1.24914566560457,0.454365382669494,0.582920722923483,-2.60451744596955
0.151146578549058,-1.41491834106483,0.455054437741637,0.57453755373445,-2.60870903056406
-2.91425647327866,-2.31726988406391,0.456061287783086,0.566154384545419,-2.61290061515858
1.82363254578514,0.1541252733402,0.456077308626845,0.557771215356386,-2.6170921997531
1.13821624476002,-1.81074230668184,0.456290296046063,0.549388046167355,-2.62128378434761
-0.726881243935368,2.41994941001778,0.457185585983098,0.541004876978322,-2.62547536894213
0.0509599797689875,2.11555257703332,0.457742744591087,0.532621707789289,-2.62966695353665
-0.248155071644184,2.59585904236613,0.45811780472286,0.524238538600258,-2.63385853813116
2.19039007789406,1.09105093042131,0.458156215259805,0.515855369411225,-2.63805012272568
0.848850574567806,-2.74622502745102,0.458415715955198,0.507472200222194,-2.64224170732019
2.02011369538064,-1.91162419094665,0.459695454221219,0.499089031033161,-2.64643329191471
-0.447110540231547,-1.45515375313109,0.460955369984731,0.490705861844129,-2.65062487650923
2.10930077122937,2.36597687501878,0.461060116766021,0.482322692655098,-2.65481646110374
-0.118680469047504,-1.54468784239152,0.462211409583688,0.473939523466065,-2.65900804569826
0.154884879530998,-2.83121293141264,0.4626833810471,0.465556354277032,-2.66319963029277
1.91506446576872,-0.383318194323886,0.463282260810956,0.457173185088001,-2.66739121488729
-0.414724818311462,2.71978839761439,0.463332734070718,0.448790015898968,-2.67158279948181
2.00760637221609,-0.483042566805023,0.463456151774153,0.440406846709937,-2.67577438407632
0.595121186843226,3.10071312982271,0.463663202477619,0.432023677520904,-2.67996596867084
-0.0396710319029232,2.76561484261466,0.464913436910138,0.423640508331872,-2.68415755326535
-0.0594259287997243,-1.38591543918874,0.465589088853449,0.41525733914284,-2.68834913785987
0.167905303111996,2.73285160310229,0.465846706647426,0.406874169953808,-2.69254072245439
-0.413838007595339,2.70439990980553,0.466085272841156,0.398491000764777,-2.6967323070489
1.49523338591621,3.13000131607779,0.46638781670481,0.390107831575744,-2.70092389164342
1.04271185929505,-2.90173842061244,0.467025302583352,0.381724662386711,-2.70511547623793
1.14744815024809,-2.66395631439357,0.467395287239924,0.37334149319768,-2.70930706083245
1.45923846207812,-2.84872530255858,0.46816767193377,0.364958324008647,-2.71349864542697
2.64556442877364,-2.39797759581903,0.468347529182211,0.356575154819616,-2.71769023002148
2.11147978950668,0.476417087716338,0.468527279095724,0.348191985630583,-2.721881814616
-1.05811105020254,-1.68762327531225,0.469997896580026,0.33980881644155,-2.72607339921051
1.76720185803756,-2.12873479970042,0.470142539124936,0.331425647252519,-2.73026498380503
-0.331512326115362,-3.07533467819933,0.470722780795768,0.323042478063487,-2.73445656839955
2.76871349554453,1.42899183005206,0.470816076966003,0.314659308874456,-2.73864815299406
-0.0961577102782911,-0.720273287188514,0.471594582311809,0.306276139685423,-2.74283973758858
0.899661163172263,2.35630218527682,0.471788174239919,0.29789297049639,-2.7470313221831
2.1440074189609,-0.547055181885796,0.471858717035502,0.289509801307359,-2.75122290677761
0.322739378345213,2.52194651341594,0.473235104698688,0.281126632118326,-2.75541449137213
1.0342347377455,-1.85267962013007,0.473307590000331,0.272743462929295,-2.75960607596664
0.140354433968925,-2.37508088148939,0.474374441197142,0.264360293740262,-2.76379766056116
-1.36064854649003,3.13264499495118,0.475124827586114,0.255977124551229,-2.76798924515568
-2.56477009107344,-1.23236350770477,0.475270989350975,0.247593955362198,-2.77218082975019
2.98583738515827,-0.761256373786363,0.479911523405463,0.239210786173166,-2.77637241434471
-0.44366300363002,-2.91358877753629,0.479956851573661,0.230827616984135,-2.78056399893922
0.701728138241032,-0.707269311824516,0.480280115501955,0.222444447795102,-2.78475558353374
1.94277813197798,2.59524765500109,0.480578218819574,0.214061278606069,-2.78894716812826
2.42006452723578,2.58142389077824,0.482270108303055,0.205678109417038,-2.79313875272277
1.97975212551915,1.28421188328642,0.484467505477369,0.197294940228005,-2.79733033731729
0.532281507873839,-2.92327989566739,0.484557043761015,0.188911771038972,-2.8015219219118
-0.542128786149062,-1.09367702524311,0.484576502349228,0.180528601849939,-2.80571350650632
0.8954503667512,-2.22257282723923,0.484665576601401,0.172145432660908,-2.80990509110084
-0.651783129392093,-2.22906768697485,0.48481536959298,0.163762263471876,-2.81409667569535
2.58201621586144,2.41189870937538,0.485199689399451,0.155379094282843,-2.81828826028987
0.396266597679542,-2.88111445059405,0.486233833711594,0.146995925093812,-2.82247984488438
0.88418437967567,1.86703133576827,0.486301625845954,0.138612755904779,-2.8266714294789
0.79247520147613,-2.65799637404875,0.486417777836323,0.130229586715746,-2.83086301407342
-3.08805346497087,2.93701070912704,0.486528838053346,0.121846417526715,-2.83505459866793
1.69772739281081,2.82967906224763,0.488962690113112,0.113463248337682,-2.83924618326245
2.82448516958386,-2.87123022327611,0.489882178837433,0.105080079148651,-2.84343776785696
-0.399999769653487,3.07540213460528,0.491374655626714,0.0966969099596184,-2.84762935245148
0.189167209934261,2.44015949188129,0.491901764879003,0.0883137407705856,-2.851820937046
2.45177692250118,-2.53889675202549,0.49210242042318,0.0799305715815546,-2.85601252164051
-0.390984612568548,-2.43453557863693,0.492483398644254,0.0715474023925218,-2.86020410623503
-0.169826982391515,2.44034931158542,0.492488345131278,0.0631642332034907,-2.86439569082954
1.48618474187919,-2.22810846243665,0.492974034044892,0.0547810640144579,-2.86858727542406
0.708254762313334,2.34573691758279,0.493051365949214,0.0463978948254251,-2.87277886001858
0.635385141061035,-2.86748017382566,0.494658932322636,0.0380147256363941,-2.87697044461309
1.05117228534589,-2.6018304871449,0.496579138562083,0.0296315564473613,-2.88116202920761
1.39204911147284,-1.42397932902333,0.496623765444383,0.0212483872583302,-2.88535361380212
-1.16913123707181,-2.52803044733434,0.497195470379665,0.0128652180692974,-2.88954519839664
0.857808902483486,-1.95952722874241,0.497551214182749,0.0044820488802646,-2.89373678299116
1.65997616097992,-2.56116879735135,0.49767224653624,-0.00390112030876644,-2.89792836758567
1.60374222376477,-2.4903394183556,0.49893690389581,-0.0122842894977993,-2.90211995218019
2.07121692957266,1.57040747045037,0.499128642259166,-0.0206674586868303,-2.90631153677471
-1.40785155687086,-2.24732521609273,0.499290421139449,-0.0290506278758631,-2.91050312136922
1.18131319756248,-2.35166298877148,0.500611985102296,-0.0374337970648959,-2.91469470596374
-2.66566631660117,2.48805028413828,0.50160344876349,-0.0458169662539269,-2.91888629055825
-0.510400302973603,-1.70943038801279,0.502014079829678,-0.0542001354429598,-2.92307787515277
0.763904232344501,-2.60126579861797,0.502392822178081,-0.0625833046319908,-2.92726945974729
-0.15884450167411,1.95668508942667,0.502865188289434,-0.0709664738210236,-2.9314610443418
1.39240467114323,-2.84520625349511,0.503479234641418,-0.0793496430100564,-2.93565262893632
1.71927372716474,-2.63038972253524,0.504800535505638,-0.0877328121990875,-2.93984421353083
-0.845096437543498,2.61228995827966,0.505152741447091,-0.0961159813881203,-2.94403579812535
1.2742808271265,-2.17630633613351,0.50551817426458,-0.104499150577151,-2.94822738271987
2.04819810024175,2.1570967122805,0.506088738562539,-0.112882319766184,-2.95241896731438
0.243888805833079,-2.29606742856998,0.506138344528154,-0.121265488955217,-2.9566105519089
0.269919738514594,2.45342539443219,0.506837373133749,-0.129648658144248,-2.96080213650341
1.09642798881539,-1.91871734133951,0.507455025566742,-0.138031827333281,-2.96499372109793
0.952221558434927,-2.54199031026327,0.508074966492131,-0.146414996522312,-2.96918530569245
0.777166489432361,-3.13222494602858,0.508092570817098,-0.154798165711345,-2.97337689028696
0.121375760136032,-1.03197399399994,0.510007568867877,-0.163181334900377,-2.97756847488148
-0.251598579345828,1.80446572140781,0.510428714333102,-0.171564504089408,-2.98176005947599
-0.401550452394233,-2.54711375750116,0.510781177552417,-0.179947673278441,-2.98595164407051
-0.105740261255446,-1.5794769572349,0.510939156869426,-0.188330842467472,-2.99014322866503
-0.173870148172755,2.99566782627238,0.511016544187441,-0.196714011656505,-2.99433481325954
-0.108433840439411,1.4100088953424,0.511331433430314,-0.205097180845538,-2.99852639785406
0.600695039359747,1.75128981106604,0.51189787266776,-0.213480350034569,-3.00271798244857
1.50634556833276,3.1059614140925,0.513624900951982,-0.221863519223602,-3.00690956704309
1.29025729226604,2.69745719464843,0.513652755180374,-0.230246688412633,-3.01110115163761
-0.692808722020502,-2.27821523246755,0.514123155502602,-0.238629857601666,-3.01529273623212
-1.73299920789631,2.73703699786658,0.514873430831358,-0.247013026790698,-3.01948432082664
1.21459650533443,1.97075520257573,0.514984688488767,-0.25539619597973,-3.02367590542115
-0.744019647867119,-2.93633589694908,0.515963915036991,-0.263779365168762,-3.02786749001567
0.483278918834554,1.85077272840157,0.517096052179113,-0.272162534357795,-3.03205907461019
0.99867688214739,-2.65882510536689,0.517892395146191,-0.280545703546828,-3.0362506592047
1.42677021448593,2.97838643614213,0.52009679027833,-0.288928872735859,-3.04044224379922
1.92991353564095,2.05626025802783,0.521416415227577,-0.297312041924892,-3.04463382839374
-0.119836317067842,-2.79103976432668,0.522179376333952,-0.305695211113925,-3.04882541298825
0.848833367088501,-1.89082952542845,0.523430095054209,-0.314078380302956,-3.05301699758277
-0.30822060303506,0.236585170259907,0.524298023898154,-0.322461549491988,-3.05720858217728
2.49751237032678,1.8636685071607,0.524633042281494,-0.330844718681021,-3.0614001667718
1.52931279576879,-0.91266228918805,0.525086087174714,-0.339227887870052,-3.06559175136632
0.468629287072974,-1.9473864973153,0.525742996484041,-0.347611057059085,-3.06978333596083
0.368940362461815,1.66418574158353,0.525838499888778,-0.355994226248116,-3.07397492055535
3.09226301992916,-1.71137775992552,0.526089613558725,-0.364377395437149,-3.07816650514986
-1.30839695275932,2.67355303712999,0.527443947736174,-0.372760564626182,-3.08235808974438
0.251450513497512,-0.855829069224494,0.527504549827427,-0.381143733815213,-3.0865496743389
-0.790531436332317,-1.22495769958189,0.529101638589054,-0.389526903004246,-3.09074125893341
1.57232788133495,2.88511663926178,0.529634481063113,-0.397910072193278,-3.09493284352793
0.345584175720495,2.14176234547385,0.529640126042068,-0.406293241382309,-3.09912442812244
1.42398309729196,-3.07574486604843,0.531109438510612,-0.414676410571342,-3.10331601271696
-1.15924485827939,-1.54530622170743,0.53125025308691,-0.423059579760373,-3.10750759731148
-1.54129828781496,-0.822311193835489,0.531870200531557,-0.431442748949406,-3.11169918190599
-0.34366713845815,0.961955086260062,0.532173874089494,-0.439825918138439,-3.11589076650051
-0.354990820972334,-1.85876433905774,0.532852932577953,-0.44820908732747,-3.12008235109502
0.600063889297922,-2.81050030029526,0.53285885299556,-0.456592256516503,-3.12427393568954
0.307825036869509,-2.30677191350267,0.533058556262404,-0.464975425705534,-3.12846552028406
-1.08788698782569,2.06369462471533,0.533323185751215,-0.473358594894567,-3.13265710487857
-1.79759937226254,2.04990085814954,0.533563104458153,-0.481741764083599,-3.13684868947309
-2.17774339139185,1.28073828510276,0.53357990225777,-0.490124933272631,-3.1410402740676
0.514027232624897,-1.28909931929176,0.533602415351197,-0.498508102461663,3.13795344851746
0.828581247208134,2.80894843851585,0.534250145312399,-0.506891271650694,3.13376186392295
-0.455045518644768,-3.10761261388947,0.534318048506975,-0.515274440839727,3.12957027932843
0.0859855685450563,2.17451441271239,0.536027656402439,-0.52365761002876,3.12537869473392
2.58707298157492,-2.15410443029592,0.536486111814156,-0.532040779217791,3.1211871101394
2.00064339158572,-3.04785577023149,0.537663321243599,-0.540423948406824,3.11699552554489
-1.31250552649811,-2.97299127671442,0.537664668401703,-0.548807117595855,3.11280394095037
-0.611403815903008,2.23313145570083,0.537802771665156,-0.557190286784888,3.10861235635585
0.131419203669425,-2.61034824408137,0.539616646477953,-0.565573455973921,3.10442077176134
0.199612247435984,-3.07056091739411,0.539619775023311,-0.573956625162952,3.10022918716682
2.06114584261272,-2.42259948393083,0.540310809155926,-0.582339794351984,3.0960376025723
0.929153119211183,-2.5063474080688,0.540857839863747,-0.590722963541015,3.09184601797779
0.279155484260889,-2.47476339100497,0.542464561294764,-0.599106132730048,3.08765443338327
-0.636655314782674,-2.10468097999316,0.54248257772997,-0.607489301919081,3.08346284878876
-0.0308906250095893,-2.01286898724583,0.544026681222022,-0.615872471108112,3.07927126419424
0.982536994063482,-2.84637390355662,0.546371604083106,-0.624255640297145,3.07507967959972
-1.81066583792031,-2.79881236637459,0.546493705827743,-0.632638809486176,3.07088809500521
1.66172125759851,-2.80884560790477,0.547032991889864,-0.641021978675209,3.06669651041069
1.27916765433956,-1.72374507235795,0.547155751846731,-0.649405147864242,3.06250492581618
-0.96105188366351,1.2082169779481,0.547432850115001,-0.657788317053273,3.05831334122166
1.62258543715074,-2.25277239630876,0.547933298628777,-0.666171486242305,3.05412175662714
-0.457167424743901,2.13351579037713,0.548596791224554,-0.674554655431336,3.04993017203263
-1.54586008112584,1.57854626874496,0.550002932082862,-0.682937824620369,3.04573858743811
0.0213930804589229,2.21534472454491,0.550148863345385,-0.691320993809402,3.0415470028436
-1.14942775381734,-1.43167025361595,0.550637671258301,-0.699704162998433,3.03735541824908
-0.482949115173637,-2.38400270089122,0.551583064254373,-0.708087332187466,3.03316383365456
0.791596992708785,-2.21932084583562,0.55177809111774,-0.716470501376497,3.02897224906005
-0.71811415853403,-1.8702156056513,0.551927287597209,-0.72485367056553,3.02478066446553
0.610493800305656,-0.565332056766686,0.552093198290095,-0.733236839754563,3.02058907987101
-1.00279319165214,-2.75448901372412,0.552755737677217,-0.741620008943595,3.0163974952765
-0.689767010766072,-2.58957862332227,0.552902738796547,-0.750003178132626,3.01220591068198
-0.839098038932915,-2.38747029688337,0.554756071418524,-0.758386347321659,3.00801432608747
-1.54410897190813,1.31754461715132,0.554787130095065,-0.766769516510692,3.00382274149295
0.687928017287001,2.89362401892841,0.555844085291028,-0.775152685699723,2.99963115689843
-0.515703928402623,-0.367968444760739,0.557117900345474,-0.783535854888756,2.99543957230392
1.93805525689456,-2.96195187498354,0.557626775000244,-0.791919024077789,2.9912479877094
-1.11564958851802,-3.05941656003071,0.557848123367876,-0.80030219326682,2.98705640311489
0.928882483747619,2.77222876583053,0.559487248072401,-0.808685362455853,2.98286481852037
-2.08334526582286,0.980330960531264,0.560631059808657,-0.817068531644885,2.97867323392585
-1.23767928177154,2.95735556205521,0.563129321206361,-0.825451700833916,2.97448164933134
0.667309439153771,-2.69380518460122,0.564236156176776,-0.833834870022949,2.97029006473682
2.38081323353682,-2.78540686395628,0.564854123163968,-0.84221803921198,2.96609848014231
1.08585341038567,0.232543004587138,0.566406094934791,-0.850601208401013,2.96190689554779
-2.12911830311168,-2.00404803562503,0.566528651863337,-0.858984377590046,2.95771531095327
1.55692175819031,2.7922830545482,0.566882489481941,-0.867367546779077,2.95352372635876
-2.44321086664081,2.32066531701575,0.56689686817117,-0.87575071596811,2.94933214176424
-1.22740964761222,-0.0495862727922369,0.568758158013225,-0.884133885157141,2.94514055716973
0.229302501989723,-2.76393202219657,0.570692510344088,-0.892517054346174,2.94094897257521
-0.230639143959328,-2.1241645411225,0.57147784717381,-0.900900223535206,2.93675738798069
1.77335191818178,-1.02952309496895,0.571949547389522,-0.909283392724237,2.93256580338618
-1.07061457574957,0.897101897171757,0.572689211228862,-0.91766656191327,2.92837421879166
1.48464018049019,-2.04010775988104,0.573247846914455,-0.926049731102301,2.92418263419715
-1.15773823301179,1.56433539398729,0.574435440823436,-0.934432900291334,2.91999104960263
1.18971689638312,2.57768811261809,0.575369868893176,-0.942816069480367,2.91579946500811
-2.41160479631403,1.96326055378512,0.575610851170495,-0.951199238669398,2.9116078804136
2.01627774775579,2.38735151926368,0.575883275130764,-0.959582407858431,2.90741629581908
-0.121879443216283,2.90518043131498,0.577327921520919,-0.967965577047462,2.90322471122457
0.365124559499167,2.24040586276893,0.577341980999336,-0.976348746236495,2.89903312663005
0.493264037834794,-3.04497709851287,0.577459560474381,-0.984731915425527,2.89484154203553
2.53757353139371,1.61949814910061,0.577504970133305,-0.993115084614558,2.89064995744102
-2.9224536001587,1.72755269380867,0.577744038077071,-1.00149825380359,2.8864583728465
-1.33096236687529,1.20867821378764,0.577903885859996,-1.00988142299262,2.88226678825199
-0.264210632232462,1.56338287784887,0.578643076354638,-1.01826459218166,2.87807520365747
-0.577717194802355,-2.9310992600609,0.57938644872047,-1.02664776137069,2.87388361906295
0.663808990823158,0.587112930329118,0.579754094360396,-1.03503093055972,2.86969203446844
1.17013869818892,0.650887862118105,0.579928866121918,-1.04341409974875,2.86550044987392
-1.48538096791662,3.03768987559875,0.58106247917749,-1.05179726893778,2.8613088652794
-2.15744964079698,2.60655678077402,0.581167604774237,-1.06018043812682,2.85711728068489
-2.03494278407117,-2.0781207584587,0.581195990322158,-1.06856360731585,2.85292569609037
1.00363639645972,-2.73274744493573,0.583261584397405,-1.07694677650488,2.84873411149586
-1.85686738367056,-2.04041496556568,0.584320584312081,-1.08532994569391,2.84454252690134
0.0199486600142844,-2.27214803298056,0.585005798609927,-1.09371311488294,2.84035094230682
-2.28638816204177,1.64596581630363,0.585599749116227,-1.10209628407198,2.83615935771231
-2.63317895150593,1.28037566352346,0.586036884225905,-1.11047945326101,2.83196777311779
0.188831947697886,1.59702893447068,0.586266091791913,-1.11886262245004,2.82777618852328
-3.03618603205551,1.11311863624334,0.587564686778933,-1.12724579163907,2.82358460392876
-0.395862235699435,-3.12609355052247,0.589039844693616,-1.1356289608281,2.81939301933424
-0.624768076295587,2.88747281393545,0.589352177688852,-1.14401213001714,2.81520143473973
-0.132699368408744,2.67215174043485,0.590036781737581,-1.15239529920617,2.81100985014521
2.71088891713254,-2.1047480903377,0.590535068418831,-1.1607784683952,2.8068182655507
-1.22586944536492,-3.08981402308334,0.592777776764706,-1.16916163758423,2.80262668095618
-2.30387367427134,2.74451925007553,0.594926844118163,-1.17754480677326,2.79843509636166
-2.80175976463341,2.28009266612597,0.595425794599578,-1.1859279759623,2.79424351176715
0.529716454405735,-3.13116447918955,0.596287585096434,-1.19431114515133,2.79005192717263
2.49521191604379,-2.60128600322731,0.597141575301066,-1.20269431434036,2.78586034257811
-1.37856763683961,2.48099468645478,0.597246246179566,-1.21107748352939,2.7816687579836
-1.64001882039061,0.808761968082774,0.597998878685758,-1.21946065271843,2.77747717338908
-0.423369426151074,-2.85526899370018,0.598046442260966,-1.22784382190746,2.77328558879457
0.789607654606423,-2.96125251303784,0.598131437320262,-1.23622699109649,2.76909400420005
2.07209825575346,-2.6895021127647,0.598919592564926,-1.24461016028552,2.76490241960554
-0.75948941292901,-0.0507843289685477,0.598978996509686,-1.25299332947455,2.76071083501102
0.326060419863946,1.77902614715704,0.599453856237233,-1.26137649866359,2.7565192504165
0.492800308509651,2.2888059858277,0.599656676407903,-1.26975966785262,2.75232766582199
-1.26212302499625,1.96128860580633,0.60057765012607,-1.27814283704165,2.74813608122747
0.105741087140326,-1.45013555919034,0.60081200953573,-1.28652600623068,2.74394449663296
-1.63444372799097,-2.11289186737442,0.601513267494738,-1.29490917541971,2.73975291203844
-2.60832180664008,-2.03372432977405,0.601535975467414,-1.30329234460875,2.73556132744392
-1.90257453405144,-2.34965806352092,0.602044525789097,-1.31167551379778,2.73136974284941
-0.891294719818641,2.49140669928304,0.602539139799774,-1.32005868298681,2.72717815825489
-1.25798404238624,-3.01241857692446,0.60302543384023,-1.32844185217584,2.72298657366037
-0.133641782063111,2.22061347851444,0.603525455575436,-1.33682502136488,2.71879498906586
-0.658059852824505,-2.78711985565702,0.605887508718297,-1.34520819055391,2.71460340447134
0.187630094890334,-2.68858598501059,0.606858665822074,-1.35359135974294,2.71041181987683
-0.508961157983525,1.78615080590474,0.607009211322293,-1.36197452893197,2.70622023528231
2.47789537437343,-1.39528872470798,0.607521747238934,-1.370357698121,2.70202865068779
-1.1197373962942,1.80311159132662,0.607583969365805,-1.37874086731004,2.69783706609328
-1.43645748970897,1.9471550836911,0.608666090061888,-1.38712403649907,2.69364548149876
-1.04757473911056,0.768825570512622,0.608966968255118,-1.3955072056881,2.68945389690425
-1.64800894331152,-1.85518762014206,0.609322607982904,-1.40389037487713,2.68526231230973
0.936472323123455,-2.73779128048715,0.610773532651365,-1.41227354406617,2.68107072771521
-1.10417607682073,-1.8709888186847,0.610890278825536,-1.4206567132552,2.6768791431207
-1.56048241881344,0.81370502199943,0.6131529326085,-1.42903988244423,2.67268755852618
-0.146241039497392,3.02134780479056,0.613726665498689,-1.43742305163326,2.66849597393167
-0.210560222871639,-3.1284569406424,0.614119188860059,-1.44580622082229,2.66430438933715
0.268198328149595,1.700445272203,0.614225457888097,-1.45418939001133,2.66011280474263
-1.31295527664788,2.75694859988535,0.614665396045893,-1.46257255920036,2.65592122014812
-1.41415560224715,2.02520745886265,0.615614866372198,-1.47095572838939,2.6517296355536
-1.81766055494067,-0.061110310673504,0.615737174404785,-1.47933889757842,2.64753805095908
-2.06291391902198,1.88830514464551,0.616859347792342,-1.48772206676746,2.64334646636457
-2.83341793112478,2.49080794674377,0.617000110913068,-1.49610523595649,2.63915488177005
-0.86277410832635,0.727906823448258,0.617783076828346,-1.50448840514552,2.63496329717554
1.62197460621868,1.49090731463055,0.618444681167603,-1.51287157433455,2.63077171258102
2.66124607701677,-2.52121630790076,0.61874832585454,-1.52125474352358,2.6265801279865
-0.756277022032267,-1.13641349425582,0.618818720337003,-1.52963791271262,2.62238854339199
-0.483437192643644,-2.0811558532947,0.618869456928223,-1.53802108190165,2.61819695879747
-1.7901890493595,1.06739199832398,0.619592025643215,-1.54640425109068,2.61400537420296
-1.06952726635174,-3.13321140162625,0.619849193142727,-1.55478742027971,2.60981378960844
-0.645360511298356,-3.07204984457338,0.620120955165476,-1.56317058946874,2.60562220501392
0.181781271719772,2.44095957575476,0.620809361105785,-1.57155375865778,2.60143062041941
-0.446337678797176,1.31331562454581,0.621454390697181,-1.57993692784681,2.59723903582489
0.127999315884672,1.81381136189084,0.621654435293749,-1.58832009703584,2.59304745123038
2.89241439509607,1.82533855529757,0.622237629257143,-1.59670326622487,2.58885586663586
-0.0376872252210561,-2.61057074543047,0.623503156006336,-1.6050864354139,2.58466428204134
2.76362698664754,2.17594407308139,0.623878823360428,-1.61346960460294,2.58047269744683
-0.520075981141787,1.83579570726939,0.623882715357468,-1.62185277379197,2.57628111285231
-1.35261039658438,2.6916405012232,0.624075927305967,-1.630235942981,2.5720895282578
-0.767341538805833,2.53812357803944,0.625069333007559,-1.63861911217003,2.56789794366328
-3.13987773323668,3.07091038265933,0.625319869956002,-1.64700228135906,2.56370635906876
-0.159397642501315,2.94168507847351,0.626136979786679,-1.6553854505481,2.55951477447425
-1.72797151944419,2.11510325731271,0.626326019177213,-1.66376861973713,2.55532318987973
-2.09866673269937,2.57442962764581,0.626744254026562,-1.67215178892616,2.55113160528522
-0.533417316833731,2.80269968024639,0.627408077009022,-1.68053495811519,2.5469400206907
-2.88359864847629,-2.42994731306275,0.627531646285206,-1.68891812730423,2.54274843609618
1.37776188006631,2.38743050093313,0.627685458632186,-1.69730129649326,2.53855685150167
-0.524811887289836,2.48857122399123,0.627719974378124,-1.70568446568229,2.53436526690715
-0.450732431213949,2.67047070883873,0.629227219847962,-1.71406763487132,2.53017368231264
-1.25347884747794,2.48924559210488,0.631106321932748,-1.72245080406035,2.52598209771812
-1.92176188690648,2.7779356279855,0.632213411619887,-1.73083397324939,2.5217905131236
1.11951461229631,-1.5594442521232,0.632693033665419,-1.73921714243842,2.51759892852909
2.97200253964431,-2.85820415011349,0.633295363746583,-1.74760031162745,2.51340734393457
-0.303830857738323,-3.02420994454518,0.634454131126404,-1.75598348081648,2.50921575934006
-2.17180705143928,1.8402810076603,0.635607468429953,-1.76436665000552,2.50502417474554
0.794415792655371,-2.69983238245836,0.636607736581936,-1.77274981919455,2.50083259015102
-1.62592026897384,-3.05842037088167,0.636928640771657,-1.78113298838358,2.49664100555651
-1.77144128825849,-2.49962994174556,0.637325488496572,-1.78951615757261,2.49244942096199
-0.199896968513916,0.548387672220173,0.637993935262784,-1.79789932676164,2.48825783636747
-1.36849248622209,-1.15574561282262,0.639419721672311,-1.80628249595068,2.48406625177296
-2.84282239824755,2.97862473908264,0.639738287543878,-1.81466566513971,2.47987466717844
-0.795846014090198,-2.1651803486912,0.640383567893878,-1.82304883432874,2.47568308258393
2.99049033512348,1.01192269215546,0.641264951787889,-1.83143200351777,2.47149149798941
-1.82828444106372,-3.03031103141035,0.642424157354981,-1.83981517270681,2.46729991339489
-1.55116892631483,1.46335059144824,0.642557148588821,-1.84819834189584,2.46310832880038
-2.49360585738078,-2.0149466918168,0.643002160824835,-1.85658151108487,2.45891674420586
-2.57784076558148,2.28491287964362,0.643113131634891,-1.8649646802739,2.45472515961135
-1.92116225791743,-2.28202417660004,0.644325541332364,-1.87334784946293,2.45053357501683
-2.75179891172742,2.5671602294658,0.644478329457343,-1.88173101865197,2.44634199042231
-2.75208388517087,2.60075844905807,0.645067665260285,-1.890114187841,2.4421504058278
-0.3516806703114,-2.68244424646246,0.645609433762729,-1.89849735703003,2.43795882123328
1.17256122187168,2.46430244202907,0.64580515329726,-1.90688052621906,2.43376723663877
-2.39188661783291,0.797518888748352,0.647349726641551,-1.91526369540809,2.42957565204425
-1.74857932769764,1.5562607097124,0.648217292502522,-1.92364686459713,2.42538406744973
0.60209049839928,-1.22057102253137,0.648241624934599,-1.93203003378616,2.42119248285522
-1.02512731231916,1.00928252063272,0.649718455271795,-1.94041320297519,2.4170008982607
-1.66044557207068,3.08083667224709,0.649748178431764,-1.94879637216422,2.41280931366618
2.74261142472905,1.17676055935051,0.650054641533643,-1.95717954135325,2.40861772907167
-2.69985330306802,2.48751314274904,0.650237339083105,-1.96556271054229,2.40442614447715
0.217670425283931,1.35482092516458,0.651061905547976,-1.97394587973132,2.40023455988264
-2.45287301164722,-2.38609808039326,0.652431447058916,-1.98232904892035,2.39604297528812
-1.72774532707318,3.02430930901361,0.653222649358213,-1.99071221810938,2.3918513906936
2.70131253034786,-2.39277502573956,0.653967471094802,-1.99909538729841,2.38765980609909
-1.73517931097342,-2.98677821095245,0.654106375528499,-2.00747855648745,2.38346822150457
-0.862099407679683,-2.38999750280228,0.654921720968559,-2.01586172567648,2.37927663691006
-1.36083846729236,-2.68570769853053,0.655846046982333,-2.02424489486551,2.37508505231554
-2.42868856083386,2.40030465851526,0.657126869773492,-2.03262806405454,2.37089346772102
-2.84160726515998,0.328355947048804,0.657830238575116,-2.04101123324357,2.36670188312651
1.56587190434041,2.62773808492936,0.658800656441599,-2.04939440243261,2.36251029853199
-1.18774183863498,-3.04444145325767,0.662733663339168,-2.05777757162164,2.35831871393748
-0.30285962481299,2.38371111464334,0.663210162660107,-2.06616074081067,2.35412712934296
-0.0707365405804881,-2.62115467253677,0.66337414085865,-2.0745439099997,2.34993554474844
-0.626374300191921,-2.83319205405566,0.663430446293205,-2.08292707918874,2.34574396015393
2.84462569163762,2.43550798104,0.663513617357239,-2.09131024837777,2.34155237555941
-0.323078173215624,0.627602673509317,0.663640129612759,-2.0996934175668,2.3373607909649
-0.954283071625897,-1.45248470111502,0.664138593245298,-2.10807658675583,2.33316920637038
-0.697365888032607,2.20701124807214,0.664437419269234,-2.11645975594486,2.32897762177586
-0.222282212796792,2.91637319825162,0.664541385136545,-2.1248429251339,2.32478603718135
-2.88868771180332,0.611553064940614,0.665132795926183,-2.13322609432293,2.32059445258683
2.75315572872288,1.60846565262272,0.666101759066805,-2.14160926351196,2.31640286799232
-2.01774401829567,-2.35226192145885,0.666172866942361,-2.14999243270099,2.3122112833978
-1.6587632566836,-0.158906066301307,0.666259934194386,-2.15837560189003,2.30801969880328
-1.45666878492494,-0.227786974055636,0.666321113938466,-2.16675877107906,2.30382811420877
0.859087026180614,-2.6074273181175,0.667644267668948,-2.17514194026809,2.29963652961425
-0.688464730294267,2.61740521657536,0.667649645358324,-2.18352510945712,2.29544494501974
-2.22235401393903,2.87974065044191,0.667684581829235,-2.19190827864615,2.29125336042522
-2.56974867875321,2.5830284117132,0.667685983004048,-2.20029144783519,2.2870617758307
1.91324717469969,2.63538713493113,0.669252441264689,-2.20867461702422,2.28287019123619
-2.74779241766101,-1.93844405381342,0.671569159021601,-2.21705778621325,2.27867860664167
-2.49559611139577,0.128387892326233,0.671581841306761,-2.22544095540228,2.27448702204715
-2.57676836121448,2.27431257537806,0.671588914701715,-2.23382412459131,2.27029543745264
-2.59061697498143,1.26601284648466,0.673394848592579,-2.24220729378035,2.26610385285812
1.64055388798649,2.97633464722622,0.674222522415221,-2.25059046296938,2.26191226826361
-0.168507898211051,-2.94055544475072,0.674906391184777,-2.25897363215841,2.25772068366909
-0.31940120469401,-2.36830629055021,0.675299343653023,-2.26735680134744,2.25352909907457
0.206572266496842,1.68164006188434,0.676425487035885,-2.27573997053648,2.24933751448006
-1.53034009886191,-2.20266192631068,0.677216182928532,-2.28412313972551,2.24514592988554
-0.0795048718343034,2.3372259339213,0.678015680518001,-2.29250630891454,2.24095434529103
-1.68988068855303,1.09990506991676,0.678477248875424,-2.30088947810357,2.23676276069651
2.87133298229336,2.02637155653105,0.680012214230374,-2.3092726472926,2.23257117610199
-1.41534123344215,-1.09208693660448,0.680155131733045,-2.31765581648164,2.22837959150748
-1.54974982135243,2.45714832629977,0.68039596779272,-2.32603898567067,2.22418800691296
-2.84309441725051,1.30082570737349,0.680487271863967,-2.3344221548597,2.21999642231845
3.0629223468815,1.33006924372267,0.680978328920901,-2.34280532404873,2.21580483772393
-1.08754125458682,3.09032392938541,0.68279648013413,-2.35118849323776,2.21161325312941
-0.145328534028067,2.17352946494958,0.682966158958152,-2.3595716624268,2.2074216685349
1.96974554300309,2.7374860926372,0.682979100383818,-2.36795483161583,2.20323008394038
0.165752211754996,2.33366042568043,0.683749206364155,-2.37633800080486,2.19903849934587
-1.23295305196904,1.70204406072533,0.684050487820059,-2.38472116999389,2.19484691475135
-1.82197410234243,1.05685910208813,0.686236187117174,-2.39310433918292,2.19065533015683
-2.33009865535343,-3.08023749870157,0.686960509512573,-2.40148750837196,2.18646374556232
-0.356226874687472,1.64185888714483,0.687092412030324,-2.40987067756099,2.1822721609678
-1.35307124022778,1.09159416194051,0.688711472321302,-2.41825384675002,2.17808057637329
-1.24255350642633,0.971963253224299,0.693746655248106,-2.42663701593905,2.17388899177877
-0.873753816284178,3.10952677569176,0.694303632015362,-2.43502018512809,2.16969740718425
-0.547169134001097,-2.91687782696438,0.694712839322165,-2.44340335431712,2.16550582258974
-2.87290423574242,2.59402090910142,0.694961743662134,-2.45178652350615,2.16131423799522
-0.84958474313451,-2.71261299294163,0.696444724453613,-2.46016969269518,2.15712265340071
-0.403093385294484,2.19986086292516,0.697014538571239,-2.46855286188421,2.15293106880619
-2.37099382795376,0.562072069301215,0.697192121529952,-2.47693603107325,2.14873948421167
-1.42176362595684,0.432515239782601,0.697304887697101,-2.48531920026228,2.14454789961716
1.43330986884851,-0.130566975628919,0.699129138374701,-2.49370236945131,2.14035631502264
-2.36457435764801,2.24620977369646,0.699721491197124,-2.50208553864034,2.13616473042813
2.17727519041375,0.839310998881235,0.700548188295215,-2.51046870782938,2.13197314583361
-0.998802202567075,-2.55889791189341,0.700635285815224,-2.51885187701841,2.12778156123909
1.80377333097345,-1.79755320602222,0.700863476376981,-2.52723504620744,2.12358997664458
2.7520005953276,3.01698402144997,0.701166346902028,-2.53561821539647,2.11939839205006
0.959937906571,2.02214113687312,0.70218737074174,-2.5440013845855,2.11520680745554
-2.07866463544695,-1.1793041340236,0.702543859835714,-2.55238455377454,2.11101522286103
-2.40753850399113,2.36144430493047,0.702624712372199,-2.56076772296357,2.10682363826651
-0.426479945835072,-1.97769234087364,0.703483131015673,-2.5691508921526,2.102632053672
0.0160569273387328,2.5136714963997,0.705844019539654,-2.57753406134163,2.09844046907748
-2.30248541101791,-2.36973426998983,0.70599850662984,-2.58591723053066,2.09424888448296
-1.24531756571047,1.50219831077509,0.706520369974896,-2.5943003997197,2.09005729988845
-2.61291778400655,1.23537384888103,0.706961397314444,-2.60268356890873,2.08586571529393
-1.32976235442742,2.37078836960868,0.707841570256278,-2.61106673809776,2.08167413069942
1.09949281857648,1.6022775363097,0.709451786940917,-2.61944990728679,2.0774825461049
-1.80583609260295,2.09580759967031,0.709779874654487,-2.62783307647582,2.07329096151038
0.183363543139054,2.35426059549168,0.710962315322831,-2.63621624566486,2.06909937691587
-0.707156760710413,-2.73467610789859,0.711047245422378,-2.64459941485389,2.06490779232135
1.87858378616373,1.53018067382734,0.712381426943466,-2.65298258404292,2.06071620772684
-2.75399733906595,0.827425558642215,0.716125462437049,-2.66136575323195,2.05652462313232
-1.27702216786285,1.17777319290696,0.716184340883046,-2.66974892242098,2.0523330385378
-1.19146124246117,1.00060568181505,0.716874151490629,-2.67813209161002,2.04814145394329
-3.02675227352573,2.53767416828812,0.717115620616823,-2.68651526079905,2.04394986934877
2.10474887177661,-3.03722876490515,0.717146501177922,-2.69489842998808,2.03975828475426
-1.32560046064663,-2.3992475951493,0.717588801169768,-2.70328159917711,2.03556670015974
-1.51125975023735,1.87936043930861,0.718085108557716,-2.71166476836615,2.03137511556522
1.93224805377091,1.88459449067797,0.718309996416792,-2.72004793755518,2.02718353097071
1.61995056591853,2.13607648343753,0.718320719664916,-2.72843110674421,2.02299194637619
-2.39055015923345,-2.1753073350923,0.718898024875671,-2.73681427593324,2.01880036178167
1.91159063809108,3.06679839433354,0.720589350210503,-2.74519744512227,2.01460877718716
1.98320890294142,-2.69338402875582,0.720642682397738,-2.75358061431131,2.01041719259264
-2.4743684159556,-2.73730993802877,0.721718660090119,-2.76196378350034,2.00622560799813
-0.85893805863256,1.18199412048004,0.723286930704489,-2.77034695268937,2.00203402340361
-2.73618499730843,-2.11638672284554,0.723331107990816,-2.7787301218784,1.99784243880909
-3.00458239425611,-2.50081350914816,0.723750815726817,-2.78711329106744,1.99365085421458
3.12342172766273,1.6040491286065,0.724394340300933,-2.79549646025647,1.98945926962006
-0.41279074703678,1.71497668413144,0.724428425775841,-2.8038796294455,1.98526768502555
-0.975118560065576,2.01090375875888,0.72468478907831,-2.81226279863453,1.98107610043103
-2.71539114833836,0.227555091345716,0.725794021040201,-2.82064596782356,1.97688451583651
2.02108932921468,3.05827646133741,0.727103222161531,-2.8290291370126,1.972692931242
2.86989862199738,2.4792554359942,0.731086567277089,-2.83741230620163,1.96850134664748
2.36298578721741,1.66816304520043,0.732302918098867,-2.84579547539066,1.96430976205297
-2.27044871942549,2.48043956492897,0.732965361326933,-2.85417864457969,1.96011817745845
-1.97432730168564,2.53858216000849,0.733612128766254,-2.86256181376872,1.95592659286393
-1.42988780293061,2.12857662002485,0.733785997144878,-2.87094498295776,1.95173500826942
2.90685375407036,0.430786740031583,0.734316469635814,-2.87932815214679,1.9475434236749
-2.6429478083507,-2.72807872906343,0.734941156813875,-2.88771132133582,1.94335183908039
-1.42578807624117,0.99623916969801,0.735713041620329,-2.89609449052485,1.93916025448587
1.59961829916946,-2.68294150915543,0.735844140872359,-2.90447765971389,1.93496866989135
-2.40675291201695,2.78976527998345,0.737866177456453,-2.91286082890292,1.93077708529684
-2.86895409130521,2.76840343736815,0.739288676995784,-2.92124399809195,1.92658550070232
-1.49735743245489,-1.69338745853781,0.73947218968533,-2.92962716728098,1.92239391610781
3.07955010496408,1.7867861666243,0.739566701464355,-2.93801033647001,1.91820233151329
-1.85686548026284,2.15005372544548,0.739804040640593,-2.94639350565905,1.91401074691877
-2.02675213926187,0.144111859583737,0.740363802062348,-2.95477667484808,1.90981916232426
-3.00778247640164,-2.99016693220196,0.740595399402082,-2.96315984403711,1.90562757772974
-1.27955785871563,3.02484450195216,0.740962871117517,-2.97154301322614,1.90143599313522
2.71855805638617,-2.41557227069197,0.744749339530244,-2.97992618241517,1.89724440854071
2.38303834928593,1.77028729888231,0.746907110558823,-2.98830935160421,1.89305282394619
-2.47835188076449,-2.32585096562407,0.747437389567494,-2.99669252079324,1.88886123935168
1.73870769934282,-0.228773352641337,0.748237791238353,-3.00507568998227,1.88466965475716
-2.08084036917136,2.61773660937366,0.749206829350442,-3.0134588591713,1.88047807016264
-0.683289202503181,1.778459103711,0.750940843718126,-3.02184202836033,1.87628648556813
-2.87418515116877,0.16259895112252,0.75096687162295,-3.03022519754937,1.87209490097361
-0.181570311285229,-2.59838834671439,0.751627535559237,-3.0386083667384,1.8679033163791
3.09167618845446,-0.145009725556138,0.752140634227544,-3.04699153592743,1.86371173178458
2.8285507662944,2.08427256586213,0.752389814238995,-3.05537470511646,1.85952014719006
-2.37510869248132,-2.88013042539181,0.753002955811098,-3.06375787430549,1.85532856259555
2.42933311215022,0.750296079810933,0.753686065319926,-3.07214104349453,1.85113697800103
-1.21857442030817,0.484031730720929,0.754500737879425,-3.08052421268356,1.84694539340652
2.70681540168134,-2.672455646636,0.754695033887401,-3.08890738187259,1.842753808812
2.25694796708402,-0.254885290495628,0.755730541888624,-3.09729055106162,1.83856222421748
2.2013587862835,2.41557168951654,0.756288946373388,-3.10567372025066,1.83437063962297
2.90499583114001,2.26559454241488,0.756418492645025,-3.11405688943969,1.83017905502845
-2.26062807840609,0.298359255612777,0.756604002090171,-3.12244005862872,1.82598747043394
-1.54989526563349,2.67501396842808,0.75783888110891,-3.13082322781775,1.82179588583942
1.90798065242269,-3.01250905375869,0.758295170962811,-3.13920639700678,1.8176043012449
-1.13816140092239,-3.04590881490357,0.758366174297407,3.13559574098377,1.81341271665039
-0.364408547681938,2.70623292557733,0.76030502282083,3.12721257179474,1.80922113205587
2.46286068272923,1.77328083920598,0.761478365631774,3.11882940260571,1.80502954746136
-2.53017523088205,1.17986142779487,0.762413908261806,3.11044623341667,1.80083796286684
-2.94856133380481,0.518659888237832,0.763547552982345,3.10206306422764,1.79664637827232
-0.550981410711662,1.7696703380503,0.765674078371376,3.09367989503861,1.79245479367781
-2.95950473612329,2.22642991583402,0.767248551594093,3.08529672584958,1.78826320908329
-2.85816831870097,1.57623215172736,0.767466516233981,3.07691355666054,1.78407162448878
-0.10221596343828,3.03432594624114,0.767556408885866,3.06853038747151,1.77988003989426
-2.05336951015474,1.59601753460856,0.767913626506925,3.06014721828248,1.77568845529974
-1.65521870039335,-2.96823738870657,0.768108859658241,3.05176404909345,1.77149687070523
-1.48093993291385,1.55482084496279,0.7707240274176,3.04338087990442,1.76730528611071
-1.7959444307167,1.19863782704577,0.771733150351793,3.03499771071538,1.76311370151619
2.54143806534601,1.03616059478147,0.771772301290184,3.02661454152635,1.75892211692168
-1.36209468163154,1.62253294947972,0.772022408666089,3.01823137233732,1.75473053232716
-1.68024671605189,0.631895365031903,0.772024700650945,3.00984820314829,1.75053894773265
-3.11606675434358,-2.82545559741548,0.772221989696845,3.00146503395925,1.74634736313813
0.657612903474858,-2.14301245174538,0.772741306573153,2.99308186477022,1.74215577854361
3.09526434849484,1.1353702995803,0.775468634208664,2.98469869558119,1.7379641939491
2.53961854577017,2.43006898925971,0.7778671735432,2.97631552639216,1.73377260935458
2.36430188272273,2.0263938902278,0.777889114338905,2.96793235720313,1.72958102476007
-2.21956330641351,-2.95164781112739,0.77965221228078,2.95954918801409,1.72538944016555
-1.99090230760254,-1.25945086037675,0.779837360605597,2.95116601882506,1.72119785557103
2.51392134628377,-0.376128759911991,0.779899809509516,2.94278284963603,1.71700627097652
0.652423751875535,3.03081539774952,0.7800051223021,2.934399680447,1.712814686382
-2.54056196652344,1.66697396436926,0.781039038673043,2.92601651125796,1.70862310178749
1.78148914769166,2.95054587166078,0.781130510382354,2.91763334206893,1.70443151719297
-0.311105863238271,0.76895316063128,0.781412347685546,2.9092501728799,1.70023993259845
-1.69891457469243,-2.07603709491456,0.781894181389362,2.90086700369087,1.69604834800394
-1.72875280274925,0.855718773780154,0.782091979403049,2.89248383450184,1.69185676340942
-2.48609559919594,1.69820295245749,0.782116416608915,2.8841006653128,1.68766517881491
3.01519225599031,2.86074739597281,0.78234223020263,2.87571749612377,1.68347359422039
2.25398658820687,2.22158672254636,0.783818430965766,2.86733432693474,1.67928200962587
-2.02417069781041,2.00212389374844,0.783976757433265,2.85895115774571,1.67509042503136
2.40377166507044,2.73544007628989,0.784287181217223,2.85056798855668,1.67089884043684
1.62753086537757,2.94891765762286,0.785838133888319,2.84218481936764,1.66670725584232
-2.16693413333189,1.28042238432685,0.785894074710086,2.83380165017861,1.66251567124781
-1.58328460541496,1.35551528812377,0.787151591852307,2.82541848098958,1.65832408665329
1.78017258076193,1.90388945129769,0.787189244525507,2.81703531180055,1.65413250205878
-2.00714454973927,0.744811387954973,0.787595837842673,2.80865214261152,1.64994091746426
1.51399513804231,2.7356779865269,0.787709340685979,2.80026897342248,1.64574933286974
0.0135445172147062,1.61276207217719,0.788691908121109,2.79188580423345,1.64155774827523
2.63186365163537,2.50203353988622,0.790290873032063,2.78350263504442,1.63736616368071
-1.84322164502638,-0.181018097533443,0.791372559731826,2.77511946585539,1.6331745790862
-0.894839020827946,0.732838955552054,0.791848084423691,2.76673629666636,1.62898299449168
-2.32667813740363,1.86276372236703,0.79268864239566,2.75835312747732,1.62479140989716
-2.77221160410612,3.12455682144996,0.793154750252143,2.74996995828829,1.62059982530265
-2.2306517907705,2.14281516757685,0.793211837299168,2.74158678909926,1.61640824070813
-1.76345271611157,2.35141763554164,0.794854927808046,2.73320361991023,1.61221665611362
2.82396635167223,0.905969364804709,0.796360532287508,2.72482045072119,1.6080250715191
-3.00608787149408,2.12822945191927,0.797023542923853,2.71643728153216,1.60383348692458
-1.8255337685083,0.251811294463342,0.797156344400719,2.70805411234313,1.59964190233007
2.56926483903169,-2.71428390027043,0.798313555540517,2.6996709431541,1.59545031773555
-1.51131931631616,-2.95525801180892,0.799202110385522,2.69128777396507,1.59125873314104
-3.07428207100928,-2.77217268121254,0.800113109871745,2.68290460477603,1.58706714854652
-2.91450610772876,-2.45173278076175,0.80032872618176,2.674521435587,1.582875563952
-2.55845017286309,3.02764510198959,0.800341298105195,2.66613826639797,1.57868397935749
2.86414762719386,-1.48012451889431,0.800935584818944,2.65775509720894,1.57449239476297
2.18736260161948,3.03831155633606,0.801617747172713,2.6493719280199,1.57030081016846
1.6325379668377,2.59504899616081,0.801846618764102,2.64098875883087,1.56610922557394
-0.608515640810216,2.12049736071887,0.801925776293501,2.63260558964184,1.56191764097942
3.02358102388266,1.37057390656438,0.803657868178561,2.62422242045281,1.55772605638491
-0.518735260216388,0.991084268187745,0.803787152515724,2.61583925126378,1.55353447179039
-2.50705482875219,1.15731922287203,0.804146101465449,2.60745608207474,1.54934288719588
-2.55124148576236,-0.0591196034393278,0.804811174748465,2.59907291288571,1.54515130260136
1.70861776054324,1.39344086337014,0.805877449689433,2.59068974369668,1.54095971800684
1.96803648460542,1.40456582908784,0.806014147819951,2.58230657450765,1.53676813341233
2.98872126401507,-0.389166347407489,0.807078532641754,2.57392340531861,1.53257654881781
-1.07153564403689,1.55331232990531,0.807400928810239,2.56554023612958,1.52838496422329
2.56840075229038,1.10195967873269,0.808042237069458,2.55715706694055,1.52419337962878
-1.31795108770741,1.50600019737619,0.809573125094175,2.54877389775152,1.52000179503426
-2.95425171606105,2.55672348525361,0.810787120135501,2.54039072856249,1.51581021043975
2.73827788165005,0.0695417535282044,0.812144749797881,2.53200755937345,1.51161862584523
-2.81358187901507,2.12347328766207,0.813057971885428,2.52362439018442,1.50742704125071
3.12084720609355,2.96597305576767,0.813160233199596,2.51524122099539,1.5032354566562
3.02313324561646,-0.0588720167286283,0.815497521776706,2.50685805180636,1.49904387206168
2.48956467423525,1.55651244173868,0.815823870012537,2.49847488261733,1.49485228746717
-2.68415683545941,-1.57458986542265,0.818902464117855,2.49009171342829,1.49066070287265
2.26149109786909,-0.0866698753097017,0.819841087562963,2.48170854423926,1.48646911827813
-1.82581681091031,1.4058364585119,0.820534270722419,2.47332537505023,1.48227753368362
-2.87835654947625,1.04082124847778,0.821980435866863,2.4649422058612,1.4780859490891
1.98647751098704,1.66986626256092,0.822090781992301,2.45655903667217,1.47389436449459
-2.19356143638345,0.969613708253015,0.822603417793289,2.44817586748313,1.46970277990007
1.04870128141816,1.66613693627247,0.822607056237757,2.4397926982941,1.46551119530555
3.00792107326959,0.264428752962814,0.822634729556739,2.43140952910507,1.46131961071104
3.06539344063943,1.97369869967671,0.822834013262764,2.42302635991604,1.45712802611652
-0.0559611847701991,1.37884750235561,0.823994031408802,2.41464319072701,1.45293644152201
-2.91537035996807,2.62998470358417,0.82508876430802,2.40626002153797,1.44874485692749
1.32305930461639,2.3780896457722,0.826691953698173,2.39787685234894,1.44455327233297
-2.77609277005244,1.85897057068434,0.827223927248269,2.38949368315991,1.44036168773846
1.5344619982518,1.71088480781165,0.827370705781505,2.38111051397088,1.43617010314394
1.86935324165755,2.2493281098212,0.827518354402855,2.37272734478185,1.43197851854943
2.95478433042831,2.50153537582031,0.827522827778012,2.36434417559281,1.42778693395491
-1.03344455219093,2.07538869762558,0.828083659056574,2.35596100640378,1.42359534936039
-2.76772608502931,1.12937314275798,0.828180568059906,2.34757783721475,1.41940376476588
1.31123249093715,2.65072651421192,0.828525005374104,2.33919466802572,1.41521218017136
2.60781609562268,0.831746588710834,0.828623500419781,2.33081149883668,1.41102059557685
3.11980423918866,1.32188337112905,0.828722816193476,2.32242832964765,1.40682901098233
2.98688251061579,-0.0908133361945858,0.828931428492069,2.31404516045862,1.40263742638781
-1.68053522458131,1.38476412513939,0.829844365594909,2.30566199126959,1.3984458417933
2.89035627884637,0.96164639137183,0.830078358296305,2.29727882208056,1.39425425719878
2.72525189171016,1.98649454712298,0.830505888909101,2.28889565289152,1.39006267260427
-0.195800473492636,-0.21011246857805,0.831329897744581,2.28051248370249,1.38587108800975
-2.70775193515762,1.50555226109453,0.832285459619015,2.27212931451346,1.38167950341523
3.10770472477269,2.6625772709624,0.83230991452001,2.26374614532443,1.37748791882072
2.48005505639765,-2.91485897800695,0.83260245108977,2.25536297613539,1.3732963342262
-2.29017382560874,1.44488989865135,0.833221138454974,2.24697980694636,1.36910474963168
1.67192214193003,0.319436961541994,0.835528837516904,2.23859663775733,1.36491316503717
-2.86567213840492,0.327574358601001,0.836302746087313,2.2302134685683,1.36072158044265
2.50772792892423,2.49822970104174,0.836410815594718,2.22183029937927,1.35652999584814
1.03029908439773,1.11730775429106,0.836416019359604,2.21344713019023,1.35233841125362
0.655490150665845,1.74703330369077,0.836612119106576,2.2050639610012,1.3481468266591
-3.04302252891646,2.6448976823326,0.836740004830062,2.19668079181217,1.34395524206459
-2.89958912634611,-2.57233792861772,0.836987996473908,2.18829762262314,1.33976365747007
-2.78916946301504,1.4964816242161,0.838603693991899,2.17991445343411,1.33557207287556
2.32258712340782,0.414053620745133,0.838976247236133,2.17153128424507,1.33138048828104
-2.28278434213653,2.25199607112935,0.839587944326922,2.16314811505604,1.32718890368652
1.7467876818567,2.5444986388913,0.839675828348845,2.15476494586701,1.32299731909201
1.74571481417053,-3.03803620735881,0.842154307523742,2.14638177667798,1.31880573449749
2.21444930733874,2.29437748745386,0.843016792321578,2.13799860748894,1.31461414990298
1.70070725884279,0.990500412736502,0.843103257706389,2.12961543829991,1.31042256530846
1.36515584274898,1.89662400064696,0.845776371657848,2.12123226911088,1.30623098071394
0.59932169742161,1.11014711589076,0.846921678632498,2.11284909992185,1.30203939611943
2.07390048507807,1.36139774981295,0.847511720145121,2.10446593073282,1.29784781152491
2.53789469003393,0.139777385163844,0.84792182315141,2.09608276154378,1.29365622693039
2.05215896603131,2.30663748620357,0.848057029303163,2.08769959235475,1.28946464233588
2.52597769809458,2.05656088261849,0.848551754374057,2.07931642316572,1.28527305774136
2.68634823229612,1.43506970381033,0.848793603945524,2.07093325397669,1.28108147314685
1.95678469094729,1.08257058150001,0.849989782087505,2.06255008478766,1.27688988855233
1.48672310620876,1.82434964052817,0.851383899804205,2.05416691559862,1.27269830395781
-2.8218404301646,3.00898528589104,0.851786480052397,2.04578374640959,1.2685067193633
-2.53206802560015,1.65137852160502,0.852733140112832,2.03740057722056,1.26431513476878
2.48846862403914,-1.34209658496568,0.854929321445525,2.02901740803153,1.26012355017427
2.74776434787064,1.63751074589838,0.854989906074479,2.0206342388425,1.25593196557975
2.0727766654093,-3.029940629782,0.855010205414146,2.01225106965346,1.25174038098523
1.80493920081084,2.77176622138386,0.855106484610587,2.00386790046443,1.24754879639072
0.724456380625149,2.74695669025174,0.85524012404494,1.9954847312754,1.2433572117962
2.32899726252439,2.07726281570812,0.855727761751041,1.98710156208637,1.23916562720169
1.96284521055059,2.98740705122646,0.85866797529161,1.97871839289733,1.23497404260717
-0.871772645439713,-0.0424015266814228,0.85936771845445,1.9703352237083,1.23078245801265
-2.07879498337665,-0.841405101755464,0.859900997253135,1.96195205451927,1.22659087341814
0.123924936063604,0.447460181247029,0.860202005133033,1.95356888533024,1.22239928882362
0.932437762777717,1.44808461178166,0.86090522701852,1.94518571614121,1.21820770422911
3.00250327246146,2.81702293810674,0.860932916402817,1.93680254695217,1.21401611963459
2.27625600558976,0.347894149082597,0.861534612020478,1.92841937776314,1.20982453504007
0.872473575260322,1.04424396211277,0.861976205604151,1.92003620857411,1.20563295044556
1.47724867577393,-2.38535684406188,0.862222407246009,1.91165303938508,1.20144136585104
2.85689121990402,2.91741660281158,0.864408933091909,1.90326987019604,1.19724978125653
2.83782777995778,1.88258053805325,0.865157460328192,1.89488670100701,1.19305819666201
2.97254477200319,1.98102739976774,0.865196123952046,1.88650353181798,1.18886661206749
1.7823153799843,1.18753352915406,0.865211468422785,1.87812036262895,1.18467502747298
-2.56812108279624,-0.875369727642723,0.865548094036058,1.86973719343992,1.18048344287846
2.11708628741222,1.40502244591319,0.86575674219057,1.86135402425088,1.17629185828395
1.03432082635928,2.53461655297319,0.866670440882444,1.85297085506185,1.17210027368943
0.987068768574243,0.6296289311237,0.866784778656438,1.84458768587282,1.16790868909491
0.756124454709248,-3.13644178513598,0.867933545960113,1.83620451668379,1.1637171045004
1.48033126405436,-1.30028779057989,0.868456918280572,1.82782134749476,1.15952551990588
2.09316871959464,1.45217033797814,0.870353257516399,1.81943817830572,1.15533393531136
-1.43354746278859,-0.282172919475047,0.871866233181208,1.81105500911669,1.15114235071685
-2.77393297171655,1.36745610344899,0.87228346709162,1.80267183992766,1.14695076612233
0.902753767089317,0.124270716003151,0.87251283461228,1.79428867073863,1.14275918152782
-0.154004147893495,1.81659007123801,0.873593389755115,1.7859055015496,1.1385675969333
-1.93735518318348,0.332539531309892,0.874131759395823,1.77752233236056,1.13437601233878
0.472709486561108,-0.037479441997526,0.87413401925005,1.76913916317153,1.13018442774427
0.0999759461627807,-0.566881610062513,0.874732211465016,1.7607559939825,1.12599284314975
1.06165126341318,1.17046873656557,0.874793217051774,1.75237282479347,1.12180125855524
2.35041578004358,0.183639434107384,0.875440173782408,1.74398965560444,1.11760967396072
2.64240889237898,1.86558202508706,0.876537939300761,1.7356064864154,1.1134180893662
1.1610901005123,0.296580472188603,0.878165487432852,1.72722331722637,1.10922650477169
2.79160219586886,0.877184622209911,0.878860115306452,1.71884014803734,1.10503492017717
-2.17357683266436,-0.263499879264704,0.880720288259909,1.71045697884831,1.10084333558266
1.99081130733372,3.05865618971548,0.881339931394905,1.70207380965927,1.09665175098814
-2.27417190406964,0.72753878892756,0.881669323192909,1.69369064047024,1.09246016639362
1.72225150745619,2.50279944929394,0.884117376059294,1.68530747128121,1.08826858179911
0.494148631445825,0.384446855343753,0.885622706031427,1.67692430209218,1.08407699720459
-3.13802213189077,0.9426154961606,0.886373393936083,1.66854113290314,1.07988541261007
-1.25461003137966,1.57930600623332,0.886571164941415,1.66015796371411,1.07569382801556
2.19487934951884,0.629680413370018,0.886757315602154,1.65177479452508,1.07150224342104
-2.20816242675442,0.240293529536173,0.887392219388857,1.64339162533605,1.06731065882653
-0.0970850309972437,-2.76174850519544,0.887504495447502,1.63500845614702,1.06311907423201
3.01690520858197,0.556291768032811,0.889169797766954,1.62662528695798,1.05892748963749
-3.0349719097765,1.1855945478661,0.890755499713123,1.61824211776895,1.05473590504298
0.106822177126876,-0.710187851602871,0.891960898414254,1.60985894857992,1.05054432044846
-3.06604435018134,1.29439874772607,0.892229563789442,1.60147577939089,1.04635273585395
0.921831396114428,1.7355001810769,0.892975839553401,1.59309261020186,1.04216115125943
0.402956336933778,2.69010571315172,0.894166802521795,1.58470944101282,1.03796956666491
1.67750157921587,-2.99392760776361,0.894226926378906,1.57632627182379,1.0337779820704
2.00564467999217,1.19141358583197,0.895170640200377,1.56794310263476,1.02958639747588
2.79076200068311,-0.0762493778323403,0.896507757715881,1.55955993344573,1.02539481288137
1.13404947503406,2.43738808958231,0.898556945146993,1.5511767642567,1.02120322828685
1.5424132612828,0.846000038827151,0.89862751821056,1.54279359506766,1.01701164369233
1.84036217362764,-0.109911280039439,0.898957337252796,1.53441042587863,1.01282005909782
2.17141549764298,1.30422804715743,0.899482110282406,1.5260272566896,1.0086284745033
2.26528350552613,2.85607768170543,0.900266597047448,1.51764408750057,1.00443688990879
0.0962127375781456,1.55284976978761,0.901037111179903,1.50926091831153,1.00024530531427
2.04098132249526,-2.96508298556187,0.901594667928293,1.5008777491225,0.996053720719754
2.17720054627451,1.77699032499102,0.902194492286071,1.49249457993347,0.991862136125238
-0.7146923988583,-0.261035182606494,0.903917907038704,1.48411141074444,0.987670551530722
2.03977817443297,1.3537442637278,0.904268475016579,1.47572824155541,0.983478966936207
-0.605868277786294,0.567927507662084,0.905290599912405,1.46734507236637,0.97928738234169
1.28106093160954,1.33787164867313,0.906608962686732,1.45896190317734,0.975095797747174
1.42588515239778,1.28405069159056,0.906970424111933,1.45057873398831,0.970904213152658
-3.00152037088838,2.63687453195298,0.908101801527664,1.44219556479928,0.966712628558142
-0.0549498194673728,2.87595738705281,0.908307920675725,1.43381239561025,0.962521043963626
0.549352387524168,1.39135322045488,0.908675162354484,1.42542922642121,0.95832945936911
-2.9917150751752,-0.225844967486927,0.909265713999048,1.41704605723218,0.954137874774593
2.47042823327539,1.92285590064641,0.90933235688135,1.40866288804315,0.949946290180078
-2.53442940627834,1.09764389995855,0.909613523632288,1.40027971885412,0.945754705585562
1.76215008648611,1.24031284769737,0.909859731560573,1.39189654966509,0.941563120991046
1.26479447925553,-0.256345447113069,0.909949587658048,1.38351338047605,0.93737153639653
1.30739066010997,0.840941117538495,0.910063659306616,1.37513021128702,0.933179951802013
2.54909535695449,1.48203046677991,0.910805912921205,1.36674704209799,0.928988367207498
0.494722727842388,0.824942533617662,0.911202621646225,1.35836387290896,0.924796782612981
0.60955737899838,2.51404126002979,0.913041136693209,1.34998070371993,0.920605198018466
-0.298014069829346,-0.906000381865196,0.915994429495186,1.34159753453089,0.916413613423949
1.13306218171384,0.714896201374199,0.91600346006453,1.33321436534186,0.912222028829433
1.61960727876363,1.83398276686106,0.916571770561859,1.32483119615283,0.908030444234917
2.85440968116443,0.418815896861918,0.91885848576203,1.3164480269638,0.903838859640401
1.54950635304952,1.68302241609141,0.919078641571105,1.30806485777476,0.899647275045885
2.44591955649004,0.525329802121337,0.919480125652626,1.29968168858573,0.895455690451369
-0.69820659806785,2.49452184442167,0.91950264503248,1.2912985193967,0.891264105856853
0.327788250775805,1.09616365034086,0.919545395066962,1.28291535020767,0.887072521262337
2.64594481257342,2.01824239847893,0.920015034265816,1.27453218101864,0.882880936667821
1.45978535460622,-1.37724494975541,0.921024629846215,1.2661490118296,0.878689352073304
-3.01246191460888,1.68137819310492,0.921928209718317,1.25776584264057,0.874497767478789
2.28803088041191,0.911178882238576,0.922222937457263,1.24938267345154,0.870306182884272
2.23709218557311,1.94655014277769,0.923018775647506,1.24099950426251,0.866114598289756
1.23330189164186,1.74650739941197,0.923505207290873,1.23261633507347,0.86192301369524
2.26775624252311,-0.382416527282272,0.923871761886403,1.22423316588444,0.857731429100724
1.48564093579624,0.627503252239852,0.923948135459796,1.21584999669541,0.853539844506208
0.934152836314688,1.68508950672475,0.925682417117059,1.20746682750638,0.849348259911691
1.39033502232722,-3.00136808839272,0.927008125232533,1.19908365831735,0.845156675317176
2.72040604258276,-2.8569776580876,0.928381742211059,1.19070048912831,0.840965090722659
2.92271899429434,-0.431881141252536,0.930204044329002,1.18231731993928,0.836773506128144
0.317567912377024,2.66690715736476,0.933476263657212,1.17393415075025,0.832581921533627
-2.91231098587228,1.76822424504082,0.933689190773293,1.16555098156122,0.828390336939111
2.27516677112006,0.905047849375258,0.933793361531571,1.15716781237218,0.824198752344595
1.65642089162798,1.02523104210869,0.933833559276536,1.14878464318315,0.820007167750079
-1.00574032084054,-1.84019897197899,0.935816830256954,1.14040147399412,0.815815583155564
0.735029993059992,2.69707433066101,0.936308944132179,1.13201830480509,0.811623998561047
1.87937950979043,1.1527357531361,0.937990231439471,1.12363513561606,0.807432413966531
1.54399087885049,1.16279967162248,0.939626684645191,1.11525196642702,0.803240829372015
-0.290258307438393,0.477660306644012,0.939783193171024,1.10686879723799,0.799049244777499
2.33600211987435,1.87084787813636,0.94024298293516,1.09848562804896,0.794857660182983
0.893305102919911,0.902681393557153,0.941093753091991,1.09010245885993,0.790666075588467
0.969292081081665,1.78988677879049,0.941430849255994,1.08171928967089,0.786474490993951
-2.46192174411782,1.78925943384483,0.941464490490034,1.07333612048186,0.782282906399435
1.11670405837833,1.52933162875948,0.942189427092671,1.06495295129283,0.778091321804919
1.291701310499,-0.585579974034265,0.942517298972234,1.0565697821038,0.773899737210403
2.05603567281602,3.0200733240882,0.943105756537989,1.04818661291477,0.769708152615887
-0.186249257168335,1.8105788170037,0.943495068931952,1.03980344372573,0.76551656802137
2.54386359748639,0.643265244964805,0.944417769787833,1.0314202745367,0.761324983426855
-0.350059952864253,0.265057739095083,0.94463154184632,1.02303710534767,0.757133398832338
1.77601052618303,-1.48998338911503,0.945126473205164,1.01465393615864,0.752941814237823
1.97793536009118,-0.476026917192612,0.946394541068003,1.00627076696961,0.748750229643306
1.44754962440636,0.936196622867388,0.947597353952006,0.997887597780574,0.74455864504879
-1.47964608116383,0.327203254644642,0.949139388510957,0.989504428591543,0.740367060454274
2.68803243361604,-0.00132751532202313,0.949317747028545,0.98112125940251,0.736175475859758
1.72154049024242,0.150942288499482,0.949376941425726,0.972738090213479,0.731983891265243
0.804460712878674,1.74174617096753,0.950497800251469,0.964354921024446,0.727792306670726
1.94510973480989,0.488098943423913,0.950639300048351,0.955971751835413,0.72360072207621
0.720614112732346,2.71471627310315,0.950668298639357,0.947588582646382,0.719409137481694
2.20142525693644,-0.519044852045196,0.954583956161514,0.93920541345735,0.715217552887178
-0.269992154460692,3.12392551241303,0.955258813453838,0.930822244268318,0.711025968292662
0.730268881177409,-2.65075246384063,0.955465393140912,0.922439075079286,0.706834383698146
0.970710561329144,0.814051065355615,0.956186451483518,0.914055905890253,0.702642799103629
1.00083582266213,1.12415038060808,0.956719264388084,0.905672736701222,0.698451214509114
0.883084997142495,0.499168539273255,0.957102434011176,0.897289567512189,0.694259629914598
0.272531890923005,0.790683100542535,0.957510765176266,0.888906398323158,0.690068045320082
0.871901341103142,1.42452091465845,0.958744463743642,0.880523229134125,0.685876460725566
-2.23120805157792,1.70102059628854,0.96002145903185,0.872140059945092,0.681684876131049
2.91478066831926,-0.057148390428063,0.962114019552246,0.863756890756061,0.677493291536534
2.21919864678418,1.28461106748069,0.962215357460082,0.855373721567029,0.673301706942017
0.120554577449258,-0.78668332293036,0.963490040972829,0.846990552377997,0.669110122347502
0.412100409826881,-0.0281190403091545,0.964291445445269,0.838607383188965,0.664918537752985
2.27630173432194,-0.942211183935669,0.964555320795625,0.830224213999932,0.660726953158469
-0.0176744336870609,0.469129767847774,0.967128222808242,0.821841044810901,0.656535368563953
1.06474627662707,2.53195308157343,0.967779211234301,0.813457875621868,0.652343783969437
2.62873430887799,2.13985325494142,0.968855814775452,0.805074706432835,0.648152199374921
-1.74349970669582,-0.796675930003685,0.969363363459706,0.796691537243804,0.643960614780405
2.85930171012693,-2.82139169809345,0.970202500466257,0.788308368054771,0.639769030185889
-1.45322103666515,2.95474364893994,0.970392224146053,0.779925198865739,0.635577445591372
-0.0869451596077155,2.37535168964259,0.972186341648921,0.771542029676706,0.631385860996856
0.335590178787546,2.16632197115024,0.972590124001727,0.763158860487675,0.62719427640234
-0.166611848224319,0.8138535283557,0.974043118301779,0.754775691298642,0.623002691807824
0.827253115131501,0.707243431831968,0.974858680274338,0.746392522109609,0.618811107213308
1.40946915014229,-0.0457034736048838,0.975639973767102,0.738009352920578,0.614619522618792
0.0513587860372677,1.06254999326509,0.975839800667018,0.729626183731545,0.610427938024276
2.47078640057011,-1.52312393094223,0.975934171117842,0.721243014542514,0.60623635342976
2.35765833063996,1.1043787115055,0.976400269661099,0.712859845353481,0.602044768835244
-1.00433512250433,-0.920438147282399,0.976486932486296,0.704476676164449,0.597853184240727
1.41193401942759,0.739157138191324,0.976946700131521,0.696093506975417,0.593661599646212
3.06646165949172,-0.252337440457902,0.977215896360576,0.687710337786385,0.589470015051695
2.00687105760676,0.417873639762757,0.977287993067876,0.679327168597354,0.58527843045718
1.37485085016758,2.46530911948139,0.978809555526823,0.670943999408321,0.581086845862663
-0.879369956296278,1.98533115376642,0.980776811251417,0.662560830219288,0.576895261268147
1.29200660126459,0.735656168260583,0.981963255442679,0.654177661030257,0.572703676673632
-1.55732155331648,2.20117363185414,0.982218367280439,0.645794491841224,0.568512092079115
2.38716040194603,0.675961796646869,0.984204763313755,0.637411322652193,0.5643205074846
-1.35649755492606,1.83806948263068,0.984354554209858,0.62902815346316,0.560128922890083
2.93015335772044,0.749829050148929,0.985743907047436,0.620644984274128,0.555937338295567
1.1945516245732,1.07086840615237,0.987578716594726,0.612261815085096,0.551745753701051
-0.479492322922225,0.427353309915341,0.9886802919209,0.603878645896064,0.547554169106535
0.966546181411312,1.96150514646668,0.989574935985729,0.595495476707033,0.543362584512019
-0.142324827172068,0.568562754844667,0.991061765933409,0.587112307518,0.539170999917503
0.447516351285822,1.04821131996763,0.991133080795407,0.578729138328967,0.534979415322987
1.51236442753867,0.841357511245926,0.992292453534901,0.570345969139936,0.530787830728471
-1.13385392477172,0.550095818880435,0.993527634302154,0.561962799950903,0.526596246133955
-0.709417153946413,0.0830268348522418,0.994651455665007,0.553579630761872,0.522404661539439
1.03126233607771,1.24201463529845,0.994975627865642,0.545196461572839,0.518213076944923
0.921698856969847,0.560819036166954,0.995434277923778,0.536813292383806,0.514021492350406
0.881849325900632,1.28818361865535,0.99633499328047,0.528430123194775,0.509829907755891
-1.36014656058216,-3.13742524082105,0.99746307474561,0.520046954005743,0.505638323161374
-0.650564128886002,1.2148927978825,0.997898275731131,0.511663784816712,0.501446738566859
3.07227265589862,-0.520774246526559,0.998374128481373,0.503280615627679,0.497255153972342
-0.36405683512216,0.427600987219207,0.998412850080058,0.494897446438646,0.493063569377826
-0.0501006048508987,-2.70286598102072,0.998977170325816,0.486514277249613,0.48887198478331
