"theta.1","theta.2","t","true.1","true.2"
0.714390991891251,2.85909419948711,0.000155298970639706,1.65525136870924,-1.5750071448438
1.86621388924164,2.10725917263522,0.00147571321576834,1.64267241914532,-1.56871767006184
0.408399825025494,1.92317256822085,0.00311687309294939,1.6300934695814,-1.56242819527988
-2.14975349681941,0.758759095075878,0.00363216619007289,1.61751452001748,-1.55613872049791
0.474341644536811,2.16054957044106,0.00609485735185444,1.60493557045355,-1.54984924571595
3.00393875958582,-1.47102078959026,0.0065425718203187,1.59235662088963,-1.54355977093399
2.57589662870821,-0.389697163189288,0.00967283057980239,1.57977767132571,-1.53727029615203
1.7667144439696,0.176704598681019,0.0111374468542635,1.56719872176178,-1.53098082137007
0.799136525061112,0.127730696319365,0.0121022614184767,1.55461977219786,-1.52469134658811
0.796876599130504,-0.739976234921472,0.0138991058338434,1.54204082263394,-1.51840187180614
1.89053638276441,1.7057616165916,0.0141568633262068,1.52946187307001,-1.51211239702418
2.12713613958181,-2.4055217734674,0.0142020527273417,1.51688292350609,-1.50582292224222
0.259854502961717,-0.97452184686672,0.0143216350115836,1.50430397394217,-1.49953344746026
0.551756193029297,-0.25863865502439,0.014616432832554,1.49172502437824,-1.4932439726783
3.08373058383265,2.9541738944053,0.0152569313067943,1.47914607481432,-1.48695449789634
-3.04193144964916,1.52398614981395,0.0160038257017732,1.4665671252504,-1.48066502311438
-0.844189070564259,0.0316423089358526,0.0167485259007663,1.45398817568647,-1.47437554833241
1.9292497649921,2.83195857251426,0.0171397414524108,1.44140922612255,-1.46808607355045
2.09510943375173,-2.51402260921895,0.0194891297724098,1.42883027655863,-1.46179659876849
0.89577384386874,-2.97825514700318,0.0208063879981637,1.41625132699471,-1.45550712398653
1.95336952499403,-2.13479182539586,0.0216503294650465,1.40367237743078,-1.44921764920457
1.11693715451465,0.108685108166901,0.0248216995969415,1.39109342786686,-1.44292817442261
1.68057428780851,-0.66138864878309,0.0255139013752341,1.37851447830294,-1.43663869964064
0.715044744813405,0.54281509925212,0.0256254081614316,1.36593552873901,-1.43034922485868
1.07107565646152,-0.36212777825016,0.0261981871444732,1.35335657917509,-1.42405975007672
1.13716999931277,0.593530801585319,0.0267502092756331,1.34077762961117,-1.41777027529476
-2.56391416300895,-1.6233241515666,0.0268801571801305,1.32819868004724,-1.4114808005128
0.0899819530564976,-1.07947114213961,0.0273760701529682,1.31561973048332,-1.40519132573084
0.423420518250312,-0.605295975984975,0.0315025327727199,1.3030407809194,-1.39890185094888
-2.42341781465054,-0.799306409310569,0.0315304885152727,1.29046183135547,-1.39261237616691
0.0930950816006897,-2.09390687936263,0.0332268960773945,1.27788288179155,-1.38632290138495
-2.98948278080216,1.70337463367602,0.034042390761897,1.26530393222763,-1.38003342660299
1.54388579023235,-3.09224656779067,0.0356054571457207,1.25272498266371,-1.37374395182103
1.91213801136109,1.00519640924148,0.0384240266866982,1.24014603309978,-1.36745447703907
0.835268171902121,-1.29483175432568,0.0388033706694841,1.22756708353586,-1.36116500225711
1.48774298798145,-2.23190840620474,0.0398319941014051,1.21498813397194,-1.35487552747514
1.6805501249998,-0.317205478627082,0.0404034180101007,1.20240918440801,-1.34858605269318
2.15115173915988,0.992350674379416,0.0411792190279812,1.18983023484409,-1.34229657791122
2.59832621101142,-1.7249437897836,0.0413500301074237,1.17725128528017,-1.33600710312926
0.443263151715577,-0.547348537841962,0.042578182881698,1.16467233571624,-1.3297176283473
-0.206515642137627,-1.73416913871002,0.0429120748303831,1.15209338615232,-1.32342815356534
0.280985501256037,2.42959367905328,0.043350845342502,1.1395144365884,-1.31713867878338
0.977880410455297,-1.94077630583354,0.0434358413331211,1.12693548702447,-1.31084920400141
-0.408141254611176,-1.33129679245368,0.0458021776285022,1.11435653746055,-1.30455972921945
0.165638670346873,-2.96817852716335,0.0458804010413587,1.10177758789663,-1.29827025443749
2.29598130291335,-1.95033000335038,0.0470516299828887,1.08919863833271,-1.29198077965553
0.819720522553162,-1.23641860089416,0.0488141730893403,1.07661968876878,-1.28569130487357
-0.517881804504206,0.630447748278536,0.0493059896398336,1.06404073920486,-1.27940183009161
0.706872199638446,-1.4772687416466,0.0508656303863972,1.05146178964094,-1.27311235530964
2.09885374643663,-2.31325497578304,0.0511793901678175,1.03888284007701,-1.26682288052768
2.02652101035596,-2.14488390450312,0.0517336975317448,1.02630389051309,-1.26053340574572
2.15593435373217,-1.57784339397739,0.0539707588031888,1.01372494094917,-1.25424393096376
2.86457484405526,-1.21378603700043,0.0547834902536124,1.00114599138524,-1.2479544561818
1.08416428925592,-0.424137212607654,0.0565622323192656,0.98856704182132,-1.24166498139984
-0.0608183051879605,-2.16063640980779,0.0574569238815457,0.975988092257397,-1.23537550661788
1.24761949075855,-2.3338037003137,0.0576045184861869,0.963409142693474,-1.22908603183591
0.20212321058806,-3.06607864219035,0.0610930388793349,0.950830193129551,-1.22279655705395
0.254820771388936,1.4539535287726,0.0616471043322235,0.938251243565627,-1.21650708227199
0.80779090619812,-1.55009699996236,0.0637828791514039,0.925672294001705,-1.21021760749003
-0.257644967168019,-0.409798379868339,0.0638100660871714,0.913093344437781,-1.20392813270807
0.242397342462613,-1.9175185323034,0.0645883455872536,0.900514394873858,-1.19763865792611
-0.509987236729143,-2.91121636584438,0.0647122971713543,0.887935445309935,-1.19134918314414
0.476887251262449,-2.1652213358657,0.064830383984372,0.875356495746012,-1.18505970836218
1.20851542597258,-1.77020163640355,0.0658162690233439,0.862777546182089,-1.17877023358022
1.59861021569015,-1.69411380850826,0.06603316613473,0.850198596618166,-1.17248075879826
1.46505242606271,0.38361023838343,0.0660364320501685,0.837619647054243,-1.1661912840163
0.867072688989826,-0.80585935890812,0.0666322279721498,0.82504069749032,-1.15990180923434
-0.828986233489075,-0.353584759271174,0.0669868192635477,0.812461747926397,-1.15361233445237
0.578807647533777,-1.39728783618583,0.0673558523412794,0.799882798362474,-1.14732285967041
0.776818860039405,-2.46465212741866,0.0676996763795614,0.787303848798551,-1.14103338488845
0.120815455736873,-2.41619208380771,0.0715103736147285,0.774724899234628,-1.13474391010649
1.80884252364283,-1.7367201653207,0.0715176563244313,0.762145949670705,-1.12845443532453
1.00144229310716,1.95716106468735,0.0729442853480577,0.749567000106782,-1.12216496054257
1.06822129560256,3.12744695617304,0.0730020860210061,0.736988050542858,-1.11587548576061
1.11524123388301,-2.67629989972335,0.0738416633103043,0.724409100978935,-1.10958601097864
1.23343286887836,-2.71221388682429,0.0766959807369858,0.711830151415012,-1.10329653619668
2.12140124209783,-1.36757365795166,0.0774261690676212,0.699251201851089,-1.09700706141472
0.479725146569359,-1.10074791921227,0.0777429640293121,0.686672252287166,-1.09071758663276
0.778238192044089,-2.48162201955604,0.0798309352248907,0.674093302723243,-1.0844281118508
0.972199968234002,0.462552770238966,0.0813257175032049,0.66151435315932,-1.07813863706884
1.01728301645705,0.836216254733927,0.0819297928828746,0.648935403595397,-1.07184916228687
-0.873052427898817,1.2973500364492,0.0824422582518309,0.636356454031473,-1.06555968750491
1.67913659873591,-0.759170086912926,0.0844440634828061,0.62377750446755,-1.05927021272295
1.62790110114577,-0.454677725372444,0.0851703842636198,0.611198554903627,-1.05298073794099
-1.14167164362146,-2.73414861600793,0.0854738005436957,0.598619605339704,-1.04669126315903
1.41616921276946,0.742822806717064,0.085584074491635,0.586040655775781,-1.04040178837707
-1.36142490936951,-1.41656777890887,0.08571284590289,0.573461706211858,-1.03411231359511
1.93711519625857,-2.54905615233906,0.0872001165989786,0.560882756647935,-1.02782283881314
-0.521073760634478,-1.55332012323572,0.0883426726795733,0.548303807084012,-1.02153336403118
-1.63983580977918,-0.0497971275751392,0.0890950679313391,0.535724857520089,-1.01524388924922
2.07013383457633,-2.29090679560659,0.0894982216414064,0.523145907956166,-1.00895441446726
0.711561017198789,-2.15176909126552,0.0896372050046921,0.510566958392243,-1.0026649396853
0.952464082244392,-1.85444575823071,0.0908845188096166,0.49798800882832,-0.996375464903336
0.569213118738968,-0.932137714945259,0.0909688845276833,0.485409059264397,-0.990085990121375
-0.316875660431891,-0.824211822458631,0.0912682386115193,0.472830109700473,-0.983796515339413
0.770746552493462,2.91448394891263,0.091290069045499,0.46025116013655,-0.977507040557452
-1.05599436015416,0.441995936803031,0.0922318978700787,0.447672210572627,-0.97121756577549
2.26368880355104,-2.01225139417451,0.0927324353251606,0.435093261008704,-0.964928090993529
-0.178621771208539,-1.0959968080435,0.093460094416514,0.422514311444781,-0.958638616211567
-0.526617445193902,1.30966504988821,0.0962290558964014,0.409935361880858,-0.952349141429606
-0.637271217829619,0.727073886511324,0.0972402517218143,0.397356412316935,-0.946059666647644
-1.67945634621021,-2.22848693393315,0.0977241403888911,0.384777462753012,-0.939770191865683
-2.80673849512886,-0.779646269055312,0.101752931019291,0.372198513189089,-0.933480717083721
0.641357179228332,0.294297036456394,0.102322251535952,0.359619563625166,-0.92719124230176
0.402862683216816,-2.21089621464237,0.104164462769404,0.347040614061243,-0.920901767519798
0.360587441857042,-0.511272805734979,0.105369189055637,0.33446166449732,-0.914612292737836
1.58020936523334,-0.452699789767839,0.105482359416783,0.321882714933396,-0.908322817955875
-1.2824808000327,-1.58161786556875,0.10757598746568,0.309303765369473,-0.902033343173913
-2.43089312592868,0.489892807084105,0.107628332683817,0.29672481580555,-0.895743868391952
1.08223465980637,0.289943683450098,0.108024770393968,0.284145866241627,-0.88945439360999
-1.35619379107037,-0.300929854732825,0.113166315481067,0.271566916677703,-0.883164918828029
1.67049209591416,-0.50101360259406,0.114023818168789,0.25898796711378,-0.876875444046067
0.688373339640935,1.44300338571558,0.114562291419134,0.246409017549857,-0.870585969264106
-1.88731179749995,-2.61914744156031,0.118053175508976,0.233830067985934,-0.864296494482144
0.901428645781495,-1.44947378096988,0.11822451162152,0.221251118422011,-0.858007019700183
0.230434161227076,0.633921275168491,0.120799642289057,0.208672168858088,-0.851717544918221
-1.26310198819582,0.103050413163379,0.121055577881634,0.196093219294165,-0.84542807013626
1.14831858496226,-1.88481750834218,0.121055848663673,0.183514269730242,-0.839138595354298
-0.744998379418534,-0.0658440215523046,0.121695042122155,0.170935320166319,-0.832849120572336
0.0210631222475444,-0.507553816578164,0.12308034626767,0.158356370602396,-0.826559645790375
0.0789236095052597,-1.84629557125961,0.125998067902401,0.145777421038473,-0.820270171008413
0.197027474760513,0.964084866506601,0.127212253864855,0.133198471474549,-0.813980696226452
0.284571940169819,1.82027743127258,0.127625328954309,0.120619521910627,-0.80769122144449
-0.740584822803406,-0.650296082430835,0.128905270947143,0.108040572346703,-0.801401746662529
1.57183079529332,0.608483206260373,0.13095614570193,0.0954616227827803,-0.795112271880567
0.102260753768487,0.167283185979234,0.131408468587324,0.0828826732188572,-0.788822797098605
-2.50757229494402,-0.384535402714883,0.13324165949598,0.0703037236549342,-0.782533322316644
-2.31412654647518,-0.626668926606059,0.13353531435132,0.0577247740910112,-0.776243847534682
-0.450705835812801,-0.918947062655778,0.134464183123782,0.0451458245270882,-0.76995437275272
1.99525920431967,1.5485262587905,0.134656440000981,0.0325668749631651,-0.763664897970759
-3.07587290061864,-1.51584739368465,0.135504125617445,0.0199879253992417,-0.757375423188797
-0.105731911610208,-2.04898140827339,0.13574523339048,0.00740897583531908,-0.751085948406836
1.24470649141411,-1.37303999362836,0.136517367558554,-0.00516997372860395,-0.744796473624874
0.786075428125748,-1.36190406110287,0.137426709523425,-0.0177489232925274,-0.738506998842913
-1.0152486645088,0.307350476692095,0.137861108873039,-0.0303278728564509,-0.732217524060951
-1.56398217357459,-0.681765213526742,0.137976251076907,-0.0429068224203739,-0.72592804927899
0.610012431883672,0.516002351763104,0.138401593780145,-0.0554857719842965,-0.719638574497028
-0.750217512151009,0.914025683554271,0.138785871909931,-0.06806472154822,-0.713349099715067
-0.157569823303463,-1.65143094711982,0.141913525527343,-0.080643671112143,-0.707059624933105
2.03693116761523,0.571331883560974,0.143730911426246,-0.093222620676066,-0.700770150151143
0.0565484844371955,-2.4685595335659,0.145114240935072,-0.105801570239989,-0.694480675369182
0.0134525052527272,-1.64402801902435,0.145721528679132,-0.118380519803912,-0.68819120058722
-0.572389260289972,-2.18539667867257,0.147196996025741,-0.130959469367835,-0.681901725805259
2.43365212170696,1.47452090292638,0.148316278122365,-0.143538418931758,-0.675612251023297
-1.18005230259877,0.303396353159482,0.149815352167934,-0.156117368495681,-0.669322776241336
-0.271697209418757,-1.17551023888917,0.151935287518427,-0.168696318059605,-0.663033301459374
1.23919820424173,-1.91535990650048,0.152051891665906,-0.181275267623528,-0.656743826677413
2.32171331504998,0.522504452826729,0.152586633339524,-0.193854217187451,-0.650454351895451
-0.0158297772560818,-0.0302613673651515,0.153451760765165,-0.206433166751374,-0.64416487711349
-0.0764836904970787,-1.04297662545049,0.153599874814972,-0.219012116315297,-0.637875402331528
-1.42263284125218,0.019114966273813,0.154172326205298,-0.23159106587922,-0.631585927549566
0.341272953712068,-0.560312100105719,0.155059735756367,-0.244170015443143,-0.625296452767605
1.4757032015692,-1.08647999751231,0.156513120047748,-0.256748965007066,-0.619006977985643
-0.814570115559206,-0.67955925571254,0.15720223239623,-0.269327914570989,-0.612717503203682
2.2659578743148,-1.022921701902,0.158242998179048,-0.281906864134912,-0.60642802842172
-0.260990287142671,-3.06750016946824,0.158414191333577,-0.294485813698835,-0.600138553639759
0.435580919334037,1.35274481832385,0.160027150297537,-0.307064763262759,-0.593849078857797
0.0797699124807529,-1.95039388738283,0.162315750261769,-0.319643712826682,-0.587559604075836
-0.980974636440174,-3.08831610692965,0.165046985261142,-0.332222662390604,-0.581270129293874
-0.0994574843433944,-0.00509459528031186,0.169843232259154,-0.344801611954528,-0.574980654511913
-1.92088164025079,-1.52400054268111,0.171400697669014,-0.357380561518451,-0.568691179729951
0.239037526960891,-2.1483556602848,0.171966410707682,-0.369959511082374,-0.562401704947989
0.374513609770644,1.63953679160187,0.172291914466769,-0.382538460646297,-0.556112230166028
-0.119495597191652,0.803056318234614,0.172379098599777,-0.39511741021022,-0.549822755384067
0.741732198622886,-0.887815890661919,0.173315203282982,-0.407696359774143,-0.543533280602105
1.03966977486275,-0.478692898595447,0.173438890371472,-0.420275309338066,-0.537243805820143
0.0821266489326709,-1.10198913183162,0.174964613746852,-0.432854258901989,-0.530954331038182
-2.05095903828768,-0.856036930603126,0.17671916866675,-0.445433208465913,-0.52466485625622
-0.780135329652808,-0.761326349892336,0.17869707942009,-0.458012158029836,-0.518375381474259
2.41539436025128,1.41157967024601,0.179318262962624,-0.470591107593759,-0.512085906692297
-1.40985328013309,1.30524638961099,0.180361212929711,-0.483170057157682,-0.505796431910336
-1.89152250641694,0.0928793880586687,0.180579893989488,-0.495749006721605,-0.499506957128374
-1.33898958540537,1.47398218042337,0.182910531992093,-0.508327956285528,-0.493217482346413
1.71022200264121,-0.373975461575654,0.184376265387982,-0.520906905849452,-0.486928007564451
-1.58196006424657,-1.83104386977137,0.187185422051698,-0.533485855413374,-0.48063853278249
-2.05360485865914,-1.3067508179116,0.189974636537954,-0.546064804977297,-0.474349058000528
-1.03915438632414,-0.749979627072875,0.19101590430364,-0.558643754541221,-0.468059583218566
-3.00745370891874,0.192495260766661,0.192590481135994,-0.571222704105144,-0.461770108436605
-0.672556120527994,-2.13024614568142,0.195282893721014,-0.583801653669067,-0.455480633654643
1.59043932913846,-0.64754585948486,0.195684177335352,-0.59638060323299,-0.449191158872682
-0.832274153613648,-1.17923789660253,0.197642587358132,-0.608959552796913,-0.44290168409072
-1.96118289863688,2.01595597577179,0.198348324513063,-0.621538502360836,-0.436612209308759
-2.49118978871093,-2.92945406109882,0.199488777201623,-0.634117451924759,-0.430322734526797
-0.881150691745907,-1.18642911372943,0.200006027938798,-0.646696401488682,-0.424033259744836
-0.674430253711645,-1.70946300771316,0.205844108946621,-0.659275351052605,-0.417743784962874
-2.49074474900902,-2.39325225444049,0.207795086083934,-0.671854300616528,-0.411454310180912
-1.92846438006735,0.206083064465547,0.208714217413217,-0.684433250180451,-0.405164835398951
1.05984254314574,0.127816844633773,0.209918409120291,-0.697012199744375,-0.398875360616989
0.513489492793541,-2.73377848863577,0.211007269099355,-0.709591149308298,-0.392585885835028
2.25124068554965,-0.57503047786201,0.211760485777631,-0.722170098872221,-0.386296411053066
-1.6599829565066,-1.29633876059509,0.212427134858444,-0.734749048436144,-0.380006936271105
-2.44141006037586,-0.0231786263667231,0.212835111888126,-0.747327998000067,-0.373717461489143
-1.07975605732181,1.18428479632926,0.213249197928235,-0.75990694756399,-0.367427986707182
0.185944662001477,-0.582347965509468,0.213346806587651,-0.772485897127913,-0.36113851192522
-1.65565259542992,-1.36725081931201,0.214033068390563,-0.785064846691836,-0.354849037143258
0.221214102244533,0.816281652249746,0.215270766522735,-0.797643796255759,-0.348559562361297
-2.06306807626513,-0.138019384916891,0.217694999882951,-0.810222745819682,-0.342270087579335
-1.10543287749421,1.06447459952778,0.218987242085859,-0.822801695383605,-0.335980612797374
-2.45159200178123,1.92296102857321,0.219651424093172,-0.835380644947529,-0.329691138015412
-2.52830771990881,-0.109308088657448,0.220168789150193,-0.847959594511452,-0.323401663233451
-0.070687684243647,0.822710119833043,0.221009153872728,-0.860538544075375,-0.317112188451489
-1.37939789412543,-0.147260176632097,0.221671135863289,-0.873117493639298,-0.310822713669528
-2.15106880695037,-1.36032438429708,0.222730909474194,-0.885696443203221,-0.304533238887566
-0.772746171543778,0.554202523815285,0.223672218853608,-0.898275392767144,-0.298243764105605
-0.0278868150430802,1.056637694374,0.223817381076515,-0.910854342331067,-0.291954289323643
-0.563811356370204,1.00885056893359,0.228804643964395,-0.923433291894991,-0.285664814541681
-2.29169937940823,-0.115797152722148,0.229169254889712,-0.936012241458913,-0.27937533975972
-0.712513704711105,0.397718155672036,0.22938742954284,-0.948591191022837,-0.273085864977758
-1.63807702916562,-1.51798509777282,0.231174007756636,-0.96117014058676,-0.266796390195797
-2.85982965350611,-1.62335864530862,0.234102013055235,-0.973749090150683,-0.260506915413835
2.75261618169444,-1.40199738250387,0.234771311981604,-0.986328039714606,-0.254217440631874
-0.802763085604109,-2.6519228771209,0.234989122021943,-0.998906989278529,-0.247927965849912
1.06403689877633,0.0109123011464547,0.235444138757885,-1.01148593884245,-0.241638491067951
2.46781862848908,0.123299958325352,0.235896620899439,-1.02406488840638,-0.235349016285989
-3.01542418333521,0.140352555635876,0.238187912385911,-1.0366438379703,-0.229059541504028
-0.865414912651271,-0.148878629764347,0.239783857483417,-1.04922278753422,-0.222770066722066
-2.03968527123112,0.296131018470198,0.241904846392572,-1.06180173709814,-0.216480591940104
-0.161625462495452,0.0694757869678773,0.242859121644869,-1.07438068666207,-0.210191117158143
-1.68521379778443,-0.143920366885039,0.243676352780312,-1.08695963622599,-0.203901642376182
2.86796829328045,-2.76133419238248,0.247113426914439,-1.09953858578991,-0.19761216759422
-1.54001520645638,0.915875620775296,0.247852746862918,-1.11211753535384,-0.191322692812258
0.365906049682907,0.218658449312841,0.249407606432214,-1.12469648491776,-0.185033218030297
-2.06471210796059,0.746843686782046,0.253185051260516,-1.13727543448168,-0.178743743248335
-1.21488245841709,1.43876457571962,0.254211719846353,-1.14985438404561,-0.172454268466374
-0.774351199795089,-1.26437707817942,0.255049118772149,-1.16243333360953,-0.166164793684412
-0.291457851653897,-0.364239212349,0.256138439057395,-1.17501228317345,-0.159875318902451
0.318276929049063,1.74951600050558,0.256277689011768,-1.18759123273738,-0.153585844120489
-0.511300172069568,0.701078229751132,0.257050181273371,-1.2001701823013,-0.147296369338528
-2.47834124511352,1.61041440548905,0.258845990290865,-1.21274913186522,-0.141006894556566
-0.753591937122282,1.70903229639747,0.260691557545215,-1.22532808142914,-0.134717419774605
-1.25650036026689,-1.72421972640254,0.261295720003545,-1.23790703099307,-0.128427944992643
-0.266647938439842,-1.67816782224142,0.264973238343373,-1.25048598055699,-0.122138470210681
0.423447191437198,-1.1621327954189,0.266887550475076,-1.26306493012091,-0.11584899542872
3.13659648468026,0.189503850047875,0.267820313572884,-1.27564387968484,-0.109559520646758
-1.12502875696948,-0.941116650567072,0.269559297244996,-1.28822282924876,-0.103270045864797
-2.37355636716835,0.867317052671736,0.269874240737408,-1.30080177881268,-0.0969805710828351
-2.70859797989699,-1.17284735747083,0.27116585499607,-1.31338072837661,-0.0906910963008736
-0.143131562282797,-1.65371435305137,0.273128392640501,-1.32595967794053,-0.0844016215189116
-1.99229828787486,1.1041973648534,0.274809259921312,-1.33853862750445,-0.0781121467369505
3.08532594774491,2.16453069136967,0.275148679735139,-1.35111757706838,-0.0718226719549886
-0.213355319746826,-1.55862507055871,0.275659493170679,-1.3636965266323,-0.0655331971730275
3.07492663814216,-1.32035160849244,0.275755285751075,-1.37627547619622,-0.0592437223910656
-1.09489229260437,0.440360275490955,0.276642719749361,-1.38885442576015,-0.0529542476091041
-2.04004425582293,-0.0801102418073971,0.277050020406023,-1.40143337532407,-0.0466647728271425
-0.769585927856605,1.51127920456064,0.278404351323843,-1.41401232488799,-0.0403752980451815
-1.81445479328315,-0.168203392171014,0.280109644401819,-1.42659127445191,-0.0340858232632195
-1.79952332311525,-0.225487624835135,0.280483487062156,-1.43917022401584,-0.027796348481258
-2.68329132867881,-0.169996373856438,0.280504517257214,-1.45174917357976,-0.0215068736992965
-1.32351645092849,0.0537106869765682,0.281661840854213,-1.46432812314368,-0.0152173989173345
-0.581503103128105,0.144670159556957,0.28674519341439,-1.47690707270761,-0.00892792413537347
2.15765901614477,0.158741727611887,0.286928218789399,-1.48948602227153,-0.00263844935341151
-1.81072805172378,2.24183867294661,0.287720198743045,-1.50206497183545,0.00365102542854956
0.143173664064183,-0.306154807993291,0.289164303103462,-1.51464392139938,0.00994050021051107
-1.13934653792298,-0.517523065742851,0.289179241051897,-1.5272228709633,0.0162299749924726
2.08258621405182,0.274094244037027,0.290241168811917,-1.53980182052722,0.0225194497744345
-1.62990870017995,-1.13760973775618,0.29041598085314,-1.55238077009115,0.0288089245563961
-2.096647833812,0.696169926042578,0.290460981195793,-1.56495971965507,0.0350983993383576
-0.955678010956448,1.86336088245058,0.292722495505586,-1.57753866921899,0.0413878741203186
2.57253927450874,1.18233089018999,0.29282550397329,-1.59011761878291,0.0476773489022806
-3.0612408878438,-2.38882617273834,0.293703380506486,-1.60269656834684,0.0539668236842421
-2.61040264543531,-0.344767921810887,0.294039072236046,-1.61527551791076,0.0602562984662036
-1.86995003387065,1.6365227225236,0.295113228727132,-1.62785446747468,0.0665457732481651
-2.3633276240832,-0.163882649614062,0.296241756994277,-1.64043341703861,0.0728352480301266
-3.01595714412364,-0.582024222995055,0.297441260190681,-1.65301236660253,0.0791247228120886
-2.30452346080513,-1.56064994348912,0.298481303500012,-1.66559131616645,0.0854141975940497
-0.639919972297527,1.5696967450998,0.302840225864202,-1.67817026573038,0.0917036723760116
-1.67358009414133,-2.01666378442942,0.303038492100313,-1.6907492152943,0.0979931471579727
2.479365357338,0.428342285720717,0.306613149587065,-1.70332816485822,0.104282621939934
-0.931914445841874,0.734512056622518,0.306836302159354,-1.71590711442215,0.110572096721896
-0.347879836704408,-0.0767689121717208,0.306857070652768,-1.72848606398607,0.116861571503858
-2.37713024392167,0.666097637796311,0.307472931919619,-1.74106501354999,0.123151046285819
2.58632813923165,-0.527406693554175,0.307563435519114,-1.75364396311391,0.129440521067781
-1.66269783525218,0.312616357506482,0.307963830884546,-1.76622291267784,0.135729995849742
2.11476384800269,0.0274529941794484,0.308021129574627,-1.77880186224176,0.142019470631704
2.37674976790457,0.988041797372175,0.308048508828506,-1.79138081180568,0.148308945413665
-1.8273183236136,2.39030228155098,0.310394124127924,-1.80395976136961,0.154598420195627
-0.770807670976654,-0.0597196376529041,0.312704991316423,-1.81653871093353,0.160887894977588
-2.62517008257835,-1.63626385750402,0.313268585829064,-1.82911766049745,0.16717736975955
-2.32308110113366,0.174626120765186,0.315457607153803,-1.84169661006138,0.173466844541512
-1.92700811975011,-0.170803073985975,0.316220628796145,-1.8542755596253,0.179756319323473
-1.24305193397327,0.999242092471233,0.316371454624459,-1.86685450918922,0.186045794105435
-1.75135442109514,0.0767417755190052,0.316510170930997,-1.87943345875315,0.192335268887396
-2.17698092154892,0.772019984878359,0.318155477987602,-1.89201240831707,0.198624743669358
-2.46408053712382,0.497572113616354,0.320472578518093,-1.90459135788099,0.204914218451319
0.757220883684439,0.384002782288843,0.323789787711576,-1.91717030744491,0.211203693233281
-2.44458602854517,-0.2032596330824,0.324477095622569,-1.92974925700884,0.217493168015242
-2.49041009690713,-1.572326098402,0.32468190905638,-1.94232820657276,0.223782642797204
-2.76430714120221,-1.59884590372589,0.326175294118002,-1.95490715613668,0.230072117579166
-2.26602690316235,0.641404923191356,0.327109472360462,-1.96748610570061,0.236361592361127
-1.17957795582251,0.86661335790112,0.32717472105287,-1.98006505526453,0.242651067143088
-2.64659642614719,2.04585020915569,0.328216545516625,-1.99264400482845,0.24894054192505
-2.30430804121218,0.447185133238172,0.328734293812886,-2.00522295439238,0.255230016707012
-3.08948026852968,1.30809237744277,0.328947547357529,-2.0178019039563,0.261519491488973
-2.15893310344654,0.529852024506407,0.330792864086106,-2.03038085352022,0.267808966270935
-2.86817689753574,0.767448110261533,0.332226268481463,-2.04295980308415,0.274098441052896
-2.88308848987881,0.0751428837236316,0.332571322331205,-2.05553875264807,0.280387915834858
2.5356435414917,-0.0850868607707636,0.332726304885,-2.06811770221199,0.286677390616819
-1.24599969065302,-2.15762294330163,0.334547287318856,-2.08069665177592,0.292966865398781
-1.64246464081129,-0.991718678552606,0.334734204458073,-2.09327560133984,0.299256340180742
-0.730987003891587,1.18187367096314,0.336597117129713,-2.10585455090376,0.305545814962704
2.90869416180935,0.45628357416552,0.337094506947324,-2.11843350046768,0.311835289744666
-2.94276946409216,1.09349953857389,0.340062964474782,-2.13101245003161,0.318124764526627
2.47128039611438,-1.40047333867103,0.340122298337519,-2.14359139959553,0.324414239308589
2.3656008341638,0.697523389400684,0.341314674820751,-2.15617034915945,0.33070371409055
0.137735642871138,0.0533848704889177,0.342292269458994,-2.16874929872338,0.336993188872512
-2.76182555676121,-0.201879764537628,0.342606835532933,-2.1813282482873,0.343282663654473
-0.307679445243128,0.395886673483096,0.344242537394166,-2.19390719785122,0.349572138436435
-2.16939572277158,1.11349353916041,0.344549678033218,-2.20648614741515,0.355861613218396
3.11021874420576,0.684148023514473,0.345441804965958,-2.21906509697907,0.362151088000358
-2.36117422197772,1.36566946242228,0.345468936488032,-2.23164404654299,0.36844056278232
-1.83767048454852,0.593310919247,0.345493817934766,-2.24422299610692,0.374730037564281
-1.9041445076759,-0.463989224609698,0.345744951860979,-2.25680194567084,0.381019512346243
-1.29469772753273,2.11126872902002,0.347778207156807,-2.26938089523476,0.387308987128204
2.37289781481636,0.487290540350745,0.348946934798732,-2.28195984479868,0.393598461910166
-0.633531032393693,2.06995163648328,0.349318171851337,-2.29453879436261,0.399887936692127
-2.12144946203188,0.57438310438513,0.349742144579068,-2.30711774392653,0.406177411474089
3.10837116770674,-1.13031754325219,0.349897572770715,-2.31969669349045,0.41246688625605
1.90136742161975,-0.105950114875935,0.350984107004479,-2.33227564305438,0.418756361038012
-3.00048990362366,1.41048884653868,0.351581159047782,-2.3448545926183,0.425045835819973
2.1512924149787,0.586200349815063,0.352228624746203,-2.35743354218222,0.431335310601935
-1.41710603162449,-0.457474941524249,0.355362910311669,-2.37001249174615,0.437624785383896
-3.01613919546915,-1.52346912085381,0.355887385085225,-2.38259144131007,0.443914260165858
0.9906287280825,1.41966427937067,0.356205132557079,-2.39517039087399,0.45020373494782
0.163718074878033,1.20279445559815,0.357656701235101,-2.40774934043792,0.456493209729781
1.59500938747097,1.17142663250442,0.357691340846941,-2.42032829000184,0.462782684511743
1.75592330783213,0.812454005353247,0.358470173785463,-2.43290723956576,0.469072159293704
-0.961009365476378,0.496812586052116,0.358909503323957,-2.44548618912968,0.475361634075665
2.36077083311299,2.41788000873093,0.359590312931687,-2.45806513869361,0.481651108857627
-1.32163559006856,2.63827705231457,0.35977501119487,-2.47064408825753,0.487940583639589
2.82616777037699,0.23721839813819,0.360275748185813,-2.48322303782145,0.49423005842155
1.49301291973478,0.326831950708595,0.361918459646404,-2.49580198738538,0.500519533203512
-1.5180784427115,2.26614928354742,0.362678148783743,-2.5083809369493,0.506809007985473
2.98266498095906,-0.680884397693188,0.36317667318508,-2.52095988651322,0.513098482767435
-2.84683193165114,0.877596430051508,0.364555383799598,-2.53353883607715,0.519387957549396
2.87231597287501,0.552869801133023,0.365537140285596,-2.54611778564107,0.525677432331358
2.97806422699111,2.75775544341997,0.366199794923887,-2.55869673520499,0.531966907113319
1.80424420945488,0.146229520823444,0.366208190796897,-2.57127568476892,0.538256381895281
1.61760646106022,-0.440452157042,0.367140195798129,-2.58385463433284,0.544545856677243
1.80247669163823,1.58372301840384,0.367912838002667,-2.59643358389676,0.550835331459204
-2.72846949743584,-0.649377665010189,0.368016047868878,-2.60901253346069,0.557124806241166
1.46816452245126,-1.31256318922897,0.368056601379067,-2.62159148302461,0.563414281023127
-2.08394514844557,-1.89382421829106,0.368198490003124,-2.63417043258853,0.569703755805089
2.91254285550917,2.04986008327259,0.36826908448711,-2.64674938215245,0.57599323058705
2.16295688417752,-0.556354833944801,0.368772291811183,-2.65932833171638,0.582282705369012
0.45225206321817,1.39008360382755,0.369015873176977,-2.6719072812803,0.588572180150973
2.7527740340054,-0.782666597166511,0.370101264212281,-2.68448623084422,0.594861654932935
-1.88632907667382,0.237574167053652,0.371106368489563,-2.69706518040815,0.601151129714897
-1.52581726701044,-0.900234831993139,0.372069187229499,-2.70964412997207,0.607440604496858
-2.43012623975893,2.0468486283718,0.372728747315705,-2.72222307953599,0.613730079278819
1.8558111479908,2.13172948104165,0.373522984795272,-2.73480202909992,0.620019554060781
-1.06203925555142,-3.06176158772864,0.373820088105276,-2.74738097866384,0.626309028842742
1.80653092592109,1.53081428780781,0.374232348753139,-2.75995992822776,0.632598503624704
-0.919201483007743,-1.18859245633747,0.375445371959358,-2.77253887779169,0.638887978406666
2.86377234119148,2.57489617443689,0.378463778877631,-2.78511782735561,0.645177453188627
1.56603260554284,0.234285077558774,0.378647427074611,-2.79769677691953,0.651466927970589
2.3212159034475,1.03428158936299,0.379748017527163,-2.81027572648345,0.65775640275255
2.91920307922699,-1.72908776349939,0.380660902010277,-2.82285467604738,0.664045877534512
3.01962323584898,0.791875693020443,0.380751816090196,-2.8354336256113,0.670335352316473
-3.10575684042874,0.723766328960691,0.383289293153211,-2.84801257517522,0.676624827098435
-3.10070113139633,1.54226992248028,0.383497369010001,-2.86059152473915,0.682914301880396
1.82821193986315,1.6913906898421,0.384135357337072,-2.87317047430307,0.689203776662358
2.48961333333271,1.65984191586984,0.38751273136586,-2.88574942386699,0.69549325144432
1.46763498135052,-1.69502386696444,0.387793710222468,-2.89832837343092,0.701782726226281
2.32968627236619,-2.94832338236211,0.38934300839901,-2.91090732299484,0.708072201008243
0.654886049442465,1.7682410696205,0.389791419263929,-2.92348627255876,0.714361675790204
2.68660069358529,-3.02461635288506,0.389873064821586,-2.93606522212269,0.720651150572166
-0.515395014757717,-1.26441168086388,0.390946163097396,-2.94864417168661,0.726940625354128
2.90582312595809,0.660577617750986,0.39126763259992,-2.96122312125053,0.733230100136089
-1.98607192047548,-1.7648635188758,0.392789140110835,-2.97380207081445,0.739519574918051
2.70770441744257,1.46604597149591,0.393145275069401,-2.98638102037838,0.745809049700012
2.1961074586509,1.0644348922003,0.393679626053199,-2.9989599699423,0.752098524481974
-2.95779668559457,0.765843326167615,0.393755786120892,-3.01153891950622,0.758387999263936
-1.77953399834152,0.81206507564905,0.395796575583518,-3.02411786907015,0.764677474045897
-2.18118373277973,1.23859366580234,0.400386660825461,-3.03669681863407,0.770966948827859
2.12233280139718,2.67605453700691,0.400516102323309,-3.04927576819799,0.777256423609821
-1.72350676719937,-1.20940077708142,0.400721470592543,-3.06185471776192,0.783545898391782
1.77560826162845,1.73294594728673,0.402608938980848,-3.07443366732584,0.789835373173744
2.82148325701832,1.26689100442718,0.402834517182782,-3.08701261688976,0.796124847955705
2.44082171884077,0.586939038231921,0.403502587461844,-3.09959156645369,0.802414322737667
1.91326682143085,0.902016644546997,0.404475161572918,-3.11217051601761,0.808703797519628
-2.95543232033884,1.48321594934847,0.409044654574245,-3.12474946558153,0.81499327230159
-2.31128821611582,0.17865121748227,0.409639932215214,-3.13732841514546,0.821282747083551
3.02031861228249,1.36607691851994,0.410610162187368,3.13327794247021,0.827572221865513
-2.2824792907878,0.07911256437158,0.411206654272974,3.12069899290628,0.833861696647475
1.12175046598942,1.52061607218872,0.413222554372624,3.10812004334236,0.840151171429436
1.66361045375864,1.65055167865844,0.414217917248607,3.09554109377844,0.846440646211397
2.93851018818416,-0.75803978702785,0.414467754308134,3.08296214421452,0.852730120993359
2.5491598855556,0.360782831844811,0.416328401304781,3.07038319465059,0.85901959577532
1.8489016838398,2.00588651615632,0.416903288569301,3.05780424508667,0.865309070557282
2.10313086963652,1.76771682336417,0.417434822535142,3.04522529552275,0.871598545339244
-2.18913178340521,0.992125799568864,0.417838506167755,3.03264634595882,0.877888020121205
1.7890366822063,1.90912485924983,0.417967959307134,3.0200673963949,0.884177494903167
1.88870717730522,1.99538754925833,0.422895853407681,3.00748844683098,0.890466969685128
2.89768220445242,0.790853278573215,0.42438474111259,2.99490949726705,0.89675644446709
-2.8536081894939,0.825501956028736,0.427448552334681,2.98233054770313,0.903045919249051
-2.36037188344312,0.771005602466273,0.429027272854,2.96975159813921,0.909335394031013
2.9469804160868,-0.0749020313864621,0.429055469343439,2.95717264857528,0.915624868812974
2.07186784297773,2.16800221192238,0.429525433573872,2.94459369901136,0.921914343594936
-2.64414301246821,1.53338601301788,0.430493512423709,2.93201474944744,0.928203818376898
1.68296960212441,-0.325335575390565,0.430685154395178,2.91943579988352,0.934493293158859
-1.74912252805166,1.8655041888089,0.432520400965586,2.90685685031959,0.94078276794082
2.23955408729868,-0.516483582469224,0.434858605731279,2.89427790075567,0.947072242722782
2.66284520477523,3.00321212482116,0.435310774482787,2.88169895119175,0.953361717504743
1.87316012002774,0.646465892990487,0.4372077670414,2.86912000162782,0.959651192286705
2.04484430866421,1.75447055256443,0.437297389144078,2.8565410520639,0.965940667068667
2.97638862122346,0.714409401472647,0.437880561221391,2.84396210249998,0.972230141850628
1.11280636248151,-0.435202026343272,0.438144030515105,2.83138315293605,0.97851961663259
0.0755962869200038,1.29301524772068,0.439326995518059,2.81880420337213,0.984809091414551
1.98508730003194,3.07488584803982,0.439341865479946,2.80622525380821,0.991098566196513
2.33010610712898,2.68435702639618,0.442144622094929,2.79364630424428,0.997388040978474
1.18872039897472,1.68618432350459,0.443415858549997,2.78106735468036,1.00367751576044
2.99022309132287,1.98593008468488,0.444411244010553,2.76848840511644,1.0099669905424
2.20652216822737,1.93242084602916,0.446262208046392,2.75590945555252,1.01625646532436
-0.28999103596732,0.519093778393416,0.449345395201817,2.74333050598859,1.02254594010632
0.449508264342106,1.67874320492931,0.449669070309028,2.73075155642467,1.02883541488828
2.54730579050715,-0.167171090485634,0.450093023478985,2.71817260686075,1.03512488967024
2.08776369278408,0.349487601411307,0.450454835081473,2.70559365729682,1.0414143644522
2.50825249852741,0.251269601213489,0.452013117726892,2.6930147077329,1.04770383923417
2.70241321577887,2.31908480579778,0.45243597519584,2.68043575816898,1.05399331401613
2.22256341871105,-2.51448850251197,0.452442415058613,2.66785680860505,1.06028278879809
0.178214426029502,1.32628981577832,0.453238687478006,2.65527785904113,1.06657226358005
-1.95204436654392,0.527602825838286,0.453445927007124,2.64269890947721,1.07286173836201
-2.33278843149499,-0.220664970022854,0.454391250386834,2.63011995991328,1.07915121314397
3.01914341725388,2.58704248748122,0.455812039086595,2.61754101034936,1.08544068792594
2.68407345574648,0.315745218701887,0.455844959244132,2.60496206078544,1.0917301627079
0.178763607308775,1.87502258181492,0.45639746915549,2.59238311122151,1.09801963748986
2.04240428978551,1.21961775842626,0.457338572014123,2.57980416165759,1.10430911227182
1.83329107902601,-0.367885242691133,0.458329621003941,2.56722521209367,1.11059858705378
0.479122348353658,2.27421435196937,0.459175789263099,2.55464626252975,1.11688806183574
2.27298742666646,1.97027814358404,0.460255031706765,2.54206731296582,1.12317753661771
2.06164526117266,-0.350731697435713,0.460543692111969,2.5294883634019,1.12946701139967
1.48427412017362,-0.520885375068512,0.461196438875049,2.51690941383798,1.13575648618163
1.74801520673102,0.833776768928352,0.462721212767065,2.50433046427405,1.14204596096359
2.18156700622715,2.99757190052201,0.462776941712946,2.49175151471013,1.14833543574555
2.91954414566166,0.98298793311705,0.463226306019351,2.47917256514621,1.15462491052751
-1.28024884988866,-0.95108521244976,0.463285897858441,2.46659361558228,1.16091438530947
2.1099220691627,2.60629930131354,0.464135939255357,2.45401466601836,1.16720386009144
3.0233865196143,-0.133166167795615,0.4660751062911,2.44143571645444,1.1734933348734
1.21095803121974,0.00969649408527484,0.467034087516367,2.42885676689051,1.17978280965536
1.25055693341459,-2.68156659071737,0.468858393840492,2.41627781732659,1.18607228443732
3.03458452043467,2.43699803350662,0.469244788633659,2.40369886776267,1.19236175921928
0.866549009117005,1.810818746253,0.469396858941764,2.39111991819875,1.19865123400124
3.04707803285563,2.14445680506301,0.470058076782152,2.37854096863482,1.20494070878321
-1.9166484265913,0.122901524100897,0.470484252320603,2.3659620190709,1.21123018356517
1.43681620273314,0.770575391228097,0.470730243483558,2.35338306950698,1.21751965834713
1.36855852006853,1.63323922521661,0.471766786184162,2.34080411994305,1.22380913312909
1.59894093849592,-2.95989958333209,0.471862179227173,2.32822517037913,1.23009860791105
0.283417354188371,1.51275462828218,0.474169762339443,2.31564622081521,1.23638808269301
-1.4091100037011,-0.300941854840718,0.475560888182372,2.30306727125128,1.24267755747497
2.62593371910791,1.61027483700522,0.47558148461394,2.29048832168736,1.24896703225694
1.36847409051472,0.0559652876475711,0.477002190658823,2.27790937212344,1.2552565070389
2.29271312761009,1.00705556501613,0.477133637759835,2.26533042255952,1.26154598182086
2.15694749744961,-2.59653500770908,0.477558602346107,2.25275147299559,1.26783545660282
2.64152821413659,1.35241385780078,0.480648620985448,2.24017252343167,1.27412493138478
2.399657168903,1.18867203740791,0.481149636209011,2.22759357386775,1.28041440616674
1.37571179117838,1.16364341627872,0.481776889879256,2.21501462430382,1.28670388094871
-2.69001510050178,0.360138225746731,0.482804625760764,2.2024356747399,1.29299335573067
1.81154434649169,1.32515937798732,0.483872115146369,2.18985672517598,1.29928283051263
1.7898687034307,1.4534335471352,0.486950911348686,2.17727777561205,1.30557230529459
2.97668561164646,2.00415009816058,0.487229240126908,2.16469882604813,1.31186178007655
-2.92141933146464,1.87852416835662,0.488095160573721,2.15211987648421,1.31815125485851
2.04398627053339,1.58205388324973,0.488570190966129,2.13954092692028,1.32444072964047
1.23020487617703,2.27716217436077,0.489708853885531,2.12696197735636,1.33073020442244
1.37990981516601,2.79515639640213,0.492167986463755,2.11438302779244,1.3370196792044
-1.82097281804548,-0.502381711658219,0.495319131528959,2.10180407822851,1.34330915398636
-0.150204415372011,1.15414151298858,0.495928739197552,2.08922512866459,1.34959862876832
1.61774250552361,2.91143563428504,0.496157747227699,2.07664617910067,1.35588810355028
0.743897480553763,1.87411693940719,0.497421591309831,2.06406722953674,1.36217757833224
-0.278753702433937,2.20234326635436,0.500930404756218,2.05148827997282,1.36846705311421
-0.587147710052335,1.20474152726185,0.501188894966617,2.0389093304089,1.37475652789617
2.54667600035174,-1.73314315631544,0.503032890614122,2.02633038084498,1.38104600267813
2.86716947158122,0.578145437571453,0.503149336436763,2.01375143128105,1.38733547746009
2.23390750597625,1.66928600006591,0.504382438259199,2.00117248171713,1.39362495224205
-2.4717205728852,-0.914906311194682,0.504404757870361,1.98859353215321,1.39991442702401
0.406488468642671,2.18860664520995,0.505368604091927,1.97601458258928,1.40620390180598
0.805783950265155,1.54514258080511,0.507218935992569,1.96343563302536,1.41249337658794
0.438428967306951,1.39915921755603,0.507940404582769,1.95085668346144,1.4187828513699
0.556936135080556,-2.96372145527351,0.508451021276414,1.93827773389751,1.42507232615186
1.27296851802585,2.06871512166766,0.508555613458157,1.92569878433359,1.43136180093382
2.78041669882158,1.53635296973026,0.508799374336377,1.91311983476967,1.43765127571578
1.99636656990703,-0.245574371519751,0.509040297707543,1.90054088520574,1.44394075049774
1.95310601797609,-0.699818566724487,0.509146171156317,1.88796193564182,1.45023022527971
-2.73008599769767,1.75506825255415,0.509415807202458,1.8753829860779,1.45651970006167
0.576549945852415,1.3570966802294,0.509479886386544,1.86280403651398,1.46280917484363
0.491061414045479,2.740427705539,0.51121641532518,1.85022508695005,1.46909864962559
1.89352233362584,2.85996903426618,0.511871718801558,1.83764613738613,1.47538812440755
-0.375012982473484,1.16427138788259,0.51197987771593,1.82506718782221,1.48167759918951
0.972017097665508,0.612842837307589,0.512333138845861,1.81248823825828,1.48796707397148
1.89424249570594,1.86272485281607,0.513835669029504,1.79990928869436,1.49425654875344
1.2482723953666,2.21004794256129,0.514422243228182,1.78733033913044,1.5005460235354
1.36361617079272,1.97321808461615,0.515542277367786,1.77475138956651,1.50683549831736
2.72850110378747,0.391622411405556,0.516010251594707,1.76217244000259,1.51312497309932
2.23166841945402,1.91279604243809,0.516358393710107,1.74959349043867,1.51941444788128
0.900691151323922,2.49542137263872,0.516509694978595,1.73701454087474,1.52570392266324
2.36874778373184,0.958211745204869,0.517087297746912,1.72443559131082,1.53199339744521
2.34523950132418,-0.0379526092280837,0.517311953473836,1.7118566417469,1.53828287222717
-0.606602629817241,0.620299457871395,0.517935269512236,1.69927769218297,1.54457234700913
0.300116170899535,1.84572188553492,0.518817839678377,1.68669874261905,1.55086182179109
0.824005960009178,2.61138356166629,0.519549509976059,1.67411979305513,1.55715129657305
1.95793133915494,1.64130550790873,0.522348486352712,1.66154084349121,1.56344077135501
2.69058927444147,1.56562075346287,0.522447419818491,1.64896189392728,1.56973024613698
-0.795826050462545,0.73326214294543,0.523723507067189,1.63638294436336,1.57601972091894
0.377944967534615,2.23916987920629,0.524114068364725,1.62380399479944,1.5823091957009
2.29528840868821,1.60321776783396,0.524461681721732,1.61122504523551,1.58859867048286
0.660313608378097,2.60733441781456,0.524753803154454,1.59864609567159,1.59488814526482
2.31485205360362,2.28326829563749,0.528119491646066,1.58606714610767,1.60117762004678
2.42969423010448,1.00211511479517,0.529474858893082,1.57348819654374,1.60746709482874
2.06991218633465,2.66805440249596,0.529606808908284,1.56090924697982,1.61375656961071
1.14822376968037,-2.46999709241905,0.530808800598606,1.5483302974159,1.62004604439267
-2.28872598160828,1.30525092112225,0.531687829643488,1.53575134785198,1.62633551917463
0.0957282138146036,2.75369553378135,0.532432734267786,1.52317239828805,1.63262499395659
1.64029046991534,3.06286832455727,0.532520628767088,1.51059344872413,1.63891446873855
2.56919853878041,-0.952890229732922,0.533626225311309,1.49801449916021,1.64520394352051
1.27095811139437,0.346950133622254,0.535366608062759,1.48543554959628,1.65149341830247
0.68226031301662,-0.74316672036509,0.535682769492269,1.47285660003236,1.65778289308444
-0.300758228484846,1.77991052301221,0.538337636040524,1.46027765046844,1.6640723678664
0.933230571437005,3.01258610721569,0.538349827984348,1.44769870090451,1.67036184264836
1.35854109751129,-2.38182412494193,0.540131865767762,1.43511975134059,1.67665131743032
-0.671984980692788,0.795119064835603,0.540185119956732,1.42254080177667,1.68294079221228
0.760765985417218,2.71666088015058,0.542390143731609,1.40996185221274,1.68923026699424
0.0684964266554537,0.496600101161945,0.544616245897487,1.39738290264882,1.69551974177621
1.4412600076022,1.28039018910397,0.544874098617584,1.3848039530849,1.70180921655817
1.20788550825562,1.11077184306193,0.545878219883889,1.37222500352097,1.70809869134013
-2.94884272473293,1.68786522291767,0.546909961849451,1.35964605395705,1.71438816612209
1.11622294568746,0.347094063852611,0.548685750225559,1.34706710439313,1.72067764090405
-1.43931081141823,-0.930210531339157,0.548706827452406,1.3344881548292,1.72696711568601
0.742247331603826,1.11163660220153,0.550535421818495,1.32190920526528,1.73325659046798
-1.06248169622893,0.887280312507836,0.551008009118959,1.30933025570136,1.73954606524994
2.34087968134972,1.58812466351286,0.551573492353782,1.29675130613744,1.7458355400319
0.894045239115151,2.68130506413204,0.552540439879522,1.28417235657351,1.75212501481386
1.24362882776709,0.681579960862067,0.552600344410166,1.27159340700959,1.75841448959582
3.07945141245134,2.30299152278001,0.553906608372927,1.25901445744567,1.76470396437778
1.34703634713644,2.32755521882279,0.554877934511751,1.24643550788174,1.77099343915974
-2.77956359999652,0.828009801576025,0.555659082951024,1.23385655831782,1.77728291394171
1.53204027906893,2.79479268282227,0.555842101108283,1.2212776087539,1.78357238872367
2.5310515451767,2.76620041473802,0.556587858358398,1.20869865918997,1.78986186350563
0.678512252772029,1.965110189942,0.556766977068037,1.19611970962605,1.79615133828759
2.39937799990689,2.07852210607531,0.557574886363,1.18354076006213,1.80244081306955
0.171642612142431,0.457318462679128,0.559428714448586,1.17096181049821,1.80873028785151
2.62513625261366,1.40638588346824,0.559945499524474,1.15838286093428,1.81501976263347
0.462919481989061,-2.99870847593732,0.561476948438212,1.14580391137036,1.82130923741544
-1.45198121806216,2.74012863194435,0.561510626226664,1.13322496180644,1.8275987121974
1.64724928018047,1.47082235952969,0.5630385982804,1.12064601224251,1.83388818697936
0.17721112499655,0.597702407365774,0.563057827297598,1.10806706267859,1.84017766176132
-1.51393909118139,-0.514496956404992,0.56307404092513,1.09548811311467,1.84646713654328
1.76793385606852,2.08958436377846,0.564735389314592,1.08290916355074,1.85275661132524
1.15333409645905,1.34231482848054,0.566145491786301,1.07033021398682,1.85904608610721
-0.34595469046479,1.56038668730806,0.566838919417933,1.0577512644229,1.86533556088917
-0.518280264197431,0.722056090979874,0.56804122403264,1.04517231485897,1.87162503567113
-0.311968876908164,-0.113696723827735,0.568307729670778,1.03259336529505,1.87791451045309
1.96720839237742,2.22523849112441,0.569539737189189,1.02001441573113,1.88420398523505
-0.120154892338134,2.15454942678523,0.570130549604073,1.0074354661672,1.89049346001701
0.689957808896063,-0.282784579821024,0.571540584322065,0.994856516603282,1.89678293479898
2.3204605131619,-1.74603889112988,0.577413621125743,0.982277567039359,1.90307240958094
-1.91106268569427,2.70519453742382,0.578099400503561,0.969698617475435,1.9093618843629
0.131301093329449,2.20998553806459,0.578834807267413,0.957119667911512,1.91565135914486
-1.21887710150444,0.359611061855028,0.5795654123649,0.944540718347589,1.92194083392682
-0.551716264046819,1.55054464307966,0.581244188128039,0.931961768783666,1.92823030870878
2.10957991120272,2.88846810043917,0.581469705095515,0.919382819219743,1.93451978349075
2.39443252510685,1.56053158837742,0.58154684654437,0.906803869655819,1.94080925827271
0.398446370229952,2.62909382994344,0.581660465337336,0.894224920091896,1.94709873305467
1.35127655301671,-0.454205008266737,0.58349710307084,0.881645970527974,1.95338820783663
-0.572287690567199,1.59256139870308,0.583815486403182,0.869067020964051,1.95967768261859
-0.558633954877357,2.18129627857055,0.584121191175655,0.856488071400128,1.96596715740055
0.0890248725482277,3.11084091827838,0.584672220982611,0.843909121836204,1.97225663218251
-0.78365052666846,2.19199658636333,0.585515414131805,0.831330172272281,1.97854610696448
0.739701472274297,1.60100393903988,0.586039297748357,0.818751222708358,1.98483558174644
0.262295897110985,0.373189684552853,0.587225065333769,0.806172273144436,1.9911250565284
2.40503661813817,0.182310477876148,0.588637341978028,0.793593323580513,1.99741453131036
0.612316533369761,-1.53458421900213,0.589197009569034,0.781014374016588,2.00370400609232
1.74190853922138,-1.94502247206674,0.589999918127432,0.768435424452666,2.00999348087428
-0.94354793077791,2.42038659362426,0.591661952668801,0.755856474888743,2.01628295565625
-2.9671842303336,0.608906168986385,0.595224243123084,0.74327752532482,2.02257243043821
2.20712635768674,1.64759330363733,0.595580186927691,0.730698575760897,2.02886190522017
0.433039892505372,2.60530815933869,0.596595773473382,0.718119626196973,2.03515138000213
1.64803937532202,1.85541529907024,0.597267281031236,0.70554067663305,2.04144085478409
-1.56507242421181,-1.96533824858406,0.598406303208321,0.692961727069128,2.04773032956605
1.8808403174262,2.93330921436205,0.599287326913327,0.680382777505205,2.05401980434801
1.5965575040041,1.22848547528081,0.600653415545821,0.667803827941282,2.06030927912998
-2.02857312546998,-0.304527973354745,0.600940385367721,0.655224878377358,2.06659875391194
1.09714276049295,0.0730548033619276,0.602429398335516,0.642645928813435,2.0728882286939
2.35628801865175,2.50825386812591,0.605733944568783,0.630066979249512,2.07917770347586
1.33294006506962,-3.0433032561623,0.605754383606836,0.617488029685589,2.08546717825782
0.301153066053158,1.31635105208155,0.605874032247812,0.604909080121667,2.09175665303978
-2.52423039511392,1.4827118696564,0.607079185778275,0.592330130557742,2.09804612782175
1.36956164664711,1.96514025598196,0.609241167083383,0.57975118099382,2.10433560260371
2.02829064625685,1.09264099063288,0.610709259752184,0.567172231429897,2.11062507738567
1.27725956538784,-2.54466675874818,0.611322622513399,0.554593281865974,2.11691455216763
-0.174939578782989,2.37682993319858,0.611775267170742,0.542014332302051,2.12320402694959
-0.490100896239383,-2.61425932053467,0.612329073948786,0.529435382738127,2.12949350173155
-0.816000776264597,-2.85906299470254,0.612669909372926,0.516856433174204,2.13578297651351
0.169679063824139,3.09103584290237,0.613887768238783,0.504277483610281,2.14207245129548
-0.275449809835206,3.06940707447217,0.615208300994709,0.491698534046359,2.14836192607744
-1.25549610183883,-2.43359219136585,0.615705127594993,0.479119584482436,2.1546514008594
1.64048320287953,2.55672512656087,0.616750150453299,0.466540634918512,2.16094087564136
1.03121217219437,2.36753207654536,0.616757537703961,0.453961685354589,2.16723035042332
0.942139200299553,2.24408850077324,0.619579555932432,0.441382735790666,2.17351982520528
1.25493789216457,0.992414172982694,0.619967031292617,0.428803786226743,2.17980929998725
0.80175618846225,2.79456685750932,0.621898929588497,0.416224836662821,2.18609877476921
-0.681776636627223,2.99227548752376,0.622159196296707,0.403645887098896,2.19238824955117
0.698389472469891,-3.01192929458713,0.622391882352531,0.391066937534973,2.19867772433313
-0.221846690459415,0.0726307366141663,0.622682012151927,0.378487987971051,2.20496719911509
-0.501818562154936,-2.28757042877948,0.623753986088559,0.365909038407128,2.21125667389705
-0.211008536110726,2.18727090268745,0.624351461883634,0.353330088843204,2.21754614867901
0.560450588387575,-2.81558361707176,0.624862692318857,0.340751139279281,2.22383562346098
-0.274542772938038,0.46413350953812,0.625253231264651,0.328172189715358,2.23012509824294
1.28649256386144,2.2889242479787,0.626526019070297,0.315593240151435,2.2364145730249
-1.7138881014355,1.73554330285374,0.62742015090771,0.303014290587512,2.24270404780686
1.22899465574672,-2.79111868641961,0.627817780477926,0.290435341023588,2.24899352258882
-0.450067997527182,-0.670802567317727,0.6279936528299,0.277856391459665,2.25528299737078
-1.06887194323703,1.32634623300883,0.628006018232554,0.265277441895742,2.26157247215275
1.81969160664688,2.69995297384412,0.630905548809096,0.252698492331819,2.26786194693471
1.01193192037742,1.9760430512169,0.631388118723407,0.240119542767896,2.27415142171667
0.912604870796856,1.59984931441552,0.632674418389797,0.227540593203972,2.28044089649863
-2.30813630359384,-1.28397255691324,0.633627278730273,0.214961643640049,2.28673037128059
1.15753642145205,2.45299097048824,0.634338619187474,0.202382694076126,2.29301984606255
-0.391063975288785,-2.28912296745558,0.634837443940341,0.189803744512204,2.29930932084451
-0.683725069262135,2.38713219323022,0.637559867696837,0.177224794948281,2.30559879562648
-2.07747767062248,2.51237099798325,0.638831252465025,0.164645845384356,2.31188827040844
-0.628763836888114,2.36811354549881,0.639206568477675,0.152066895820434,2.3181777451904
0.925320086864767,-2.41524231049246,0.63955544680357,0.139487946256511,2.32446721997236
2.95186412689112,-1.18592034201646,0.639785645995289,0.126908996692588,2.33075669475432
1.27052916108092,2.39836913913184,0.640553713543341,0.114330047128665,2.33704616953628
-1.96943466608601,1.94575734007094,0.643498724093661,0.101751097564741,2.34333564431825
1.72575255941755,-2.95463528405937,0.644777013920248,0.0891721480008183,2.34962511910021
-0.115854127981294,-2.9142610746321,0.64743570284918,0.0765931984368962,2.35591459388217
-1.7578198557333,2.68701915768995,0.647764420835301,0.0640142488729731,2.36220406866413
1.35616853512108,2.74280810767189,0.648198993876576,0.0514352993090501,2.36849354344609
-3.01980092154283,2.68553404171942,0.648428693180904,0.0388563497451262,2.37478301822805
-0.782321228304085,-1.63531462817908,0.649226609384641,0.0262774001812032,2.38107249301001
1.23096914187059,1.67573796353989,0.650369091657922,0.0136984506172801,2.38736196779198
-0.964771386590222,1.41476434482427,0.650509944651276,0.00111950105335712,2.39365144257394
1.70397667486667,3.10901613648404,0.654133228585124,-0.011459448510565,2.3999409173559
1.5591893209266,-3.08783859119589,0.654997889418155,-0.0240383980744898,2.40623039213786
-1.38819282778688,2.17172442954667,0.655775111634284,-0.036617347638412,2.41251986691982
1.98040313082119,1.64586713229382,0.655894053634256,-0.049196297202335,2.41880934170178
0.666715573831782,-2.9272369998708,0.65857651620172,-0.061775246766258,2.42509881648375
-1.00059593687123,2.49604594743203,0.658703525085002,-0.0743541963301801,2.43138829126571
-0.728123850592807,2.20099009316612,0.658744371961802,-0.0869331458941058,2.43767776604767
1.91499332617167,-1.90555221531055,0.660113904858008,-0.099512095458028,2.44396724082963
1.37134553495334,-2.98687281348609,0.660625859163702,-0.11209104502195,2.45025671561159
0.951853325482512,-2.46344900886392,0.660763598047197,-0.124669994585874,2.45654619039355
-1.78156303515418,1.72616692172306,0.661841429537162,-0.137248944149796,2.46283566517551
-1.08759506934091,-2.20485994068881,0.662545409286395,-0.14982789371372,2.46912513995748
-1.27203767131154,2.94365468016742,0.662607868434861,-0.162406843277644,2.47541461473944
0.81908358414273,0.298187177955939,0.665131505811587,-0.174985792841566,2.4817040895214
0.168187995015205,2.21578305008717,0.665651421062648,-0.187564742405488,2.48799356430336
-2.16799767451033,-2.82035600681157,0.666084992699325,-0.200143691969412,2.49428303908532
-0.441322872696083,1.99525595739984,0.666109674843028,-0.212722641533336,2.50057251386728
-1.29824857552826,-3.00172771058447,0.667825755197555,-0.225301591097258,2.50686198864925
2.97964653151226,-2.46918267906492,0.66853713686578,-0.237880540661182,2.51315146343121
1.22656273337742,-2.98106749704016,0.669136719545349,-0.250459490225104,2.51944093821317
-1.26824158472243,1.27235606233169,0.669588224729523,-0.263038439789026,2.52573041299513
1.87444963853133,1.4996803689389,0.669794377172366,-0.275617389352952,2.53201988777709
1.4788876869508,2.86929682883958,0.67003902583383,-0.288196338916874,2.53830936255905
-1.21171683495385,2.44392139371044,0.671136893564835,-0.300775288480796,2.54459883734101
-1.82034729982432,3.1348979557593,0.671181046171114,-0.31335423804472,2.55088831212298
0.371848668170927,2.10066452395716,0.671660884516314,-0.325933187608642,2.55717778690494
-1.11370324468889,2.64012018909142,0.671692614676431,-0.338512137172566,2.5634672616869
-2.03461120550267,3.03135020436489,0.671867636730894,-0.35109108673649,2.56975673646886
-2.16873842096689,-2.51282181227246,0.67394703393802,-0.363670036300412,2.57604621125082
2.30078234124139,-3.09081324473197,0.67473171162419,-0.376248985864335,2.58233568603278
-1.5812453786319,-3.09981571047341,0.67536753998138,-0.388827935428258,2.58862516081475
-1.95024516872444,-1.49130030257265,0.676230853423476,-0.401406884992182,2.59491463559671
-0.0421046379030363,2.97850059609796,0.677907571662217,-0.413985834556104,2.60120411037867
-0.669737033912841,2.46147887495847,0.678569944342598,-0.426564784120028,2.60749358516063
-1.60770104420733,-1.87012075296099,0.678861349122599,-0.439143733683951,2.61378305994259
-2.77370409685475,-2.47711501061737,0.680671275127679,-0.451722683247873,2.62007253472455
-2.09905280033152,0.679034669140068,0.680766738485545,-0.464301632811798,2.62636200950652
-1.86604027142263,-1.73615591411386,0.681727604940534,-0.476880582375721,2.63265148428848
-0.0848983841085218,2.76417659448243,0.682125331833959,-0.489459531939643,2.63894095907044
-0.876505588282555,-2.66699292962992,0.682282946072519,-0.502038481503567,2.6452304338524
0.76740057404862,2.71916418936604,0.682848594151437,-0.514617431067489,2.65151990863436
0.300379281028304,-2.10513120794078,0.683154197176918,-0.527196380631413,2.65780938341632
2.50347612611341,-3.08803837931003,0.683231462724507,-0.539775330195337,2.66409885819828
2.20909000804783,-2.97036704215466,0.683421173132956,-0.552354279759259,2.67038833298025
0.862361704026223,1.45383629448781,0.684709433233365,-0.564933229323181,2.67667780776221
-0.411362638228168,-1.94710786431372,0.684940845239908,-0.577512178887106,2.68296728254417
1.02453105030706,-1.40578546243688,0.688268352067098,-0.590091128451029,2.68925675732613
-1.04458681758297,2.7976916968412,0.690601731883362,-0.602670078014951,2.69554623210809
0.977146703607058,1.41191117492299,0.691958643961698,-0.615249027578875,2.70183570689005
-1.32224731227702,1.81027236533729,0.692483014892787,-0.627827977142797,2.70812518167202
-1.7456642670403,2.55983143514707,0.6929143932648,-0.640406926706721,2.71441465645398
-2.34318294344282,-1.80220673992222,0.69310038164258,-0.652985876270645,2.72070413123594
-0.628403262164088,2.81935901513183,0.693105830810964,-0.665564825834567,2.7269936060179
1.0042664106103,1.5100046181681,0.693582749227062,-0.678143775398489,2.73328308079986
0.380117588166641,-1.85265544559168,0.693874974036589,-0.690722724962413,2.73957255558182
-0.321957684430509,2.71692163131877,0.694378724554554,-0.703301674526337,2.74586203036379
0.749310250484039,-2.57092491925441,0.695175740402192,-0.715880624090259,2.75215150514575
1.28721245622299,-3.10252860383966,0.698025627760217,-0.728459573654183,2.75844097992771
-1.48346165800683,-3.04382135807654,0.698481116211042,-0.741038523218105,2.76473045470967
0.271466705741353,-2.10761744676376,0.700019576586783,-0.753617472782027,2.77101992949163
-2.14887715067595,-1.69704949763636,0.700278628151864,-0.766196422345953,2.77730940427359
1.51818699063418,2.06298762112306,0.702634321060032,-0.778775371909875,2.78359887905555
-2.00492256665138,2.45975858137957,0.704053417313844,-0.791354321473797,2.78988835383752
-0.399385315502522,-2.88504508684105,0.704207083210349,-0.803933271037721,2.79617782861948
-0.787962967616189,-2.71381596209378,0.704285667743534,-0.816512220601643,2.80246730340144
0.188720472980485,1.36038201387089,0.705248073209077,-0.829091170165567,2.8087567781834
-0.22633234367437,-0.39470118688193,0.706113557331264,-0.841670119729491,2.81504625296536
0.626742703425496,-2.49553612733637,0.706526515074074,-0.854249069293413,2.82133572774732
-0.902251776931466,-0.0808691406881108,0.708239333704114,-0.866828018857335,2.82762520252928
-2.26858402121908,-2.83375682512119,0.708927544532344,-0.879406968421259,2.83391467731125
-0.509046806682731,-2.15966093209016,0.709055313374847,-0.891985917985183,2.84020415209321
0.701309892250882,0.381357084703403,0.709090288495645,-0.904564867549105,2.84649362687517
-0.841049095059337,0.350055553667355,0.709192151902243,-0.917143817113029,2.85278310165713
-0.456981369268705,2.83435354088755,0.70955337700434,-0.929722766676951,2.85907257643909
1.06547180535952,2.84053406056105,0.710876628756523,-0.942301716240875,2.86536205122105
-2.04080784747609,-2.6247775619403,0.711117529775947,-0.954880665804799,2.87165152600302
0.967343325563883,2.98884647195488,0.711583586642519,-0.967459615368721,2.87794100078498
0.0670494962296555,1.68914367740375,0.71216199779883,-0.980038564932643,2.88423047556694
-0.205674860939092,-3.09336101459672,0.714009799063206,-0.992617514496567,2.8905199503489
2.50458198428766,-0.999541330882671,0.714354508323595,-1.00519646406049,2.89680942513086
0.148160508654957,1.22430893371969,0.715628094039857,-1.01777541362441,2.90309889991282
-0.969568280596679,2.58072356663049,0.716585965128615,-1.03035436318834,2.90938837469479
-0.184664907421074,-1.59819364250976,0.717321692733094,-1.04293331275226,2.91567784947675
-1.88971582979378,2.80007280983231,0.717847177525982,-1.05551226231618,2.92196732425871
-1.3184338303465,2.26469734990075,0.71791748306714,-1.06809121188011,2.92825679904067
0.205344399916605,-3.01010958154763,0.717994399834424,-1.08067016144403,2.93454627382263
-0.300187051502009,-2.62818454199327,0.718445250298828,-1.09324911100795,2.94083574860459
-1.74557798503527,1.39756073999617,0.718516021501273,-1.10582806057188,2.94712522338655
-0.688390223841084,2.27382385397116,0.720306042581797,-1.1184070101358,2.95341469816852
0.10240875604993,2.86440122322103,0.72187529085204,-1.13098595969972,2.95970417295048
-0.229267801322049,-1.90650104211207,0.723660437623039,-1.14356490926365,2.96599364773244
-1.78422885075715,-2.74221469052323,0.725577119272202,-1.15614385882757,2.9722831225144
2.25850631260226,-3.13451081054171,0.728552483953536,-1.16872280839149,2.97857259729636
2.00601974249951,-3.01402439731162,0.728775621159002,-1.18130175795541,2.98486207207832
-2.22640064695768,-2.60405086801519,0.731338059762493,-1.19388070751934,2.99115154686028
-1.67159728150251,-2.75246317450387,0.732703627320006,-1.20645965708326,2.99744102164225
-1.59446271593466,1.35686818486452,0.733601263025776,-1.21903860664718,3.00373049642421
-2.80022890207864,-2.40690549843533,0.733649862930179,-1.23161755621111,3.01001997120617
3.07330635443304,-1.60725132186162,0.733935526572168,-1.24419650577503,3.01630944598813
-1.40183027031598,-2.85898050091355,0.733994141919538,-1.25677545533895,3.02259892077009
-1.23604026769705,1.71166953130345,0.734489118447527,-1.26935440490288,3.02888839555205
3.13157422283428,-1.07299985788564,0.734816458774731,-1.2819333544668,3.03517787033402
-2.98344796543051,-3.05443136360937,0.735436626942828,-1.29451230403072,3.04146734511598
-0.577930611545504,2.22751091480849,0.737632791046053,-1.30709125359464,3.04775681989794
-0.443723845416996,-2.70661126225523,0.737758949631825,-1.31967020315857,3.0540462946799
-1.71054748212219,2.61926770704897,0.738632849417627,-1.33224915272249,3.06033576946186
-0.907793471920069,2.61801946683996,0.743441743310541,-1.34482810228641,3.06662524424382
-0.684636605738873,-0.615760234835886,0.743935213657096,-1.35740705185034,3.07291471902579
-1.15098678310513,1.35167641015668,0.744044898077846,-1.36998600141426,3.07920419380775
0.659459672574795,-2.78598605111084,0.744672215310857,-1.38256495097818,3.08549366858971
-0.115662621127109,3.07771135562823,0.744961253600195,-1.39514390054211,3.09178314337167
0.548835314794395,-2.36157692542453,0.745013284729794,-1.40772285010603,3.09807261815363
0.333279042833445,0.952651105823311,0.745786682004109,-1.42030179966995,3.10436209293559
2.46445744944927,3.07988670636863,0.746246029157192,-1.43288074923388,3.11065156771755
-1.98499950986821,-2.10392530454951,0.749866830650717,-1.4454596987978,3.11694104249952
-2.01226601261721,-2.95281724394355,0.750036648241803,-1.45803864836172,3.12323051728148
-0.919997097650635,-2.53763509207423,0.750385344959795,-1.47061759792565,3.12951999206344
-2.14358805745032,-1.79711105359761,0.751539863180369,-1.48319654748957,3.1358094668454
-2.33234829213841,2.55299902584268,0.752352606737986,-1.49577549705349,-3.14108636555222
2.76895756225719,2.12993489199525,0.753891586326063,-1.50835444661742,-3.13479689077026
-0.383613814621679,-2.78815996471236,0.754474797053263,-1.52093339618134,-3.1285074159883
-0.854434795597048,2.87930389492243,0.754621983272955,-1.53351234574526,-3.12221794120634
-2.4996763784723,-2.74454783296379,0.755930753191933,-1.54609129530918,-3.11592846642438
-1.63357739330547,-1.3365027036948,0.757261442719027,-1.55867024487311,-3.10963899164242
-1.2445916314124,2.94762051226957,0.7577422587201,-1.57124919443703,-3.10334951686045
-2.02314660772467,0.996252221358567,0.758668625960127,-1.58382814400095,-3.09706004207849
-1.43338771464144,-2.99516274495004,0.759338772855699,-1.59640709356488,-3.09077056729653
-0.0823152374482303,-2.02045882789783,0.759878477081656,-1.6089860431288,-3.08448109251457
-1.26486599965101,-2.04979104020311,0.760549950646237,-1.62156499269272,-3.07819161773261
-0.607720444597245,2.94385103064769,0.766513735055923,-1.63414394225665,-3.07190214295065
-0.161198837004735,-2.88187665702583,0.766730428906158,-1.64672289182057,-3.06561266816869
-1.17512213061203,-2.77468887901269,0.767271265387535,-1.65930184138449,-3.05932319338672
-0.532304558131049,-2.92675922630136,0.768170236609876,-1.67188079094841,-3.05303371860476
-2.14352750844281,2.48140086739587,0.771429028594866,-1.68445974051234,-3.0467442438228
-2.49430463048051,2.58822671884915,0.772766628768295,-1.69703869007626,-3.04045476904084
1.15712527191657,-2.51265297509217,0.774493331322446,-1.70961763964018,-3.03416529425888
-1.93690904791943,1.75482224141844,0.774938353337348,-1.72219658920411,-3.02787581947692
-2.13036972388304,-2.7152353099552,0.775840998161584,-1.73477553876803,-3.02158634469495
-2.96453357432423,2.67234789011716,0.776081250747666,-1.74735448833195,-3.01529686991299
-0.162286098312034,-1.2550608395991,0.7760854808148,-1.75993343789588,-3.00900739513103
-1.55729615443887,2.61101334281343,0.778402762720361,-1.7725123874598,-3.00271792034907
-1.70938077128013,2.98640043979671,0.779115298064426,-1.78509133702372,-2.99642844556711
-2.61300062660807,0.811493988561559,0.783704736735672,-1.79767028658764,-2.99013897078515
-2.10088294702757,2.72431031044215,0.784611380193383,-1.81024923615157,-2.98384949600319
-1.93658848276021,-1.40013269904953,0.78485101624392,-1.82282818571549,-2.97756002122122
-1.16986857176909,-2.3979059517109,0.785120440181345,-1.83540713527941,-2.97127054643926
-1.67009485629358,1.87793460472755,0.785520350793377,-1.84798608484334,-2.9649810716573
-2.6380845104432,-1.40013155218175,0.785650215577334,-1.86056503440726,-2.95869159687534
-2.45704011272274,2.28572802446895,0.785752334166318,-1.87314398397118,-2.95240212209338
-2.97761773550775,2.96598040239805,0.786196732195094,-1.88572293353511,-2.94611264731142
-1.23097966849242,2.05331448621662,0.786847262876108,-1.89830188309903,-2.93982317252945
-2.47328342549613,-0.289540689765186,0.787491551600397,-1.91088083266295,-2.93353369774749
-2.5677936305268,-2.67305848919418,0.787560236640275,-1.92345978222688,-2.92724422296553
3.05817298377559,-2.63099419094594,0.787575936876237,-1.9360387317908,-2.92095474818357
-2.25455012632875,-2.20506560604495,0.787680804962292,-1.94861768135472,-2.91466527340161
-1.56454212060823,2.88460591492776,0.790301153203472,-1.96119663091865,-2.90837579861965
-0.0349616782309514,-0.375631933774191,0.79031420010142,-1.97377558048257,-2.90208632383769
-0.980480269704643,-2.9809637500455,0.791718877851963,-1.98635453004649,-2.89579684905572
-1.50185495406943,-3.10749662698636,0.791967538651079,-1.99893347961041,-2.88950737427376
2.76859465204657,-2.72888368549102,0.793087260099128,-2.01151242917434,-2.8832178994918
3.07005962166839,-2.33762015825405,0.79465617146343,-2.02409137873826,-2.87692842470984
-2.50545597915923,-1.64795167369597,0.796511644497514,-2.03667032830218,-2.87063894992788
-2.10811370623675,2.52527195375346,0.796623046277091,-2.04924927786611,-2.86434947514592
-1.13665429383046,0.229326883195256,0.800063585396856,-2.06182822743003,-2.85806000036395
-2.98372718084142,-2.36269010106514,0.800917849643156,-2.07440717699395,-2.85177052558199
-2.07351109712019,-2.24757031897497,0.802277409238741,-2.08698612655788,-2.84548105080003
-2.47415480302926,-0.868589926268925,0.802463225321844,-2.0995650761218,-2.83919157601807
0.845126940169504,2.85615399747815,0.80450689420104,-2.11214402568572,-2.83290210123611
1.98356686642128,-2.65906247577548,0.807786541525275,-2.12472297524964,-2.82661262645415
-2.21390312745858,-1.64563088382125,0.80867378343828,-2.13730192481357,-2.82032315167219
1.93769015341003,3.07980906053125,0.80996924592182,-2.14988087437749,-2.81403367689022
2.56937143376868,-3.11005207821044,0.810130808735266,-2.16245982394141,-2.80774420210826
3.08521248455509,-2.84569947584967,0.810442816698924,-2.17503877350534,-2.8014547273263
2.23169923544737,-1.92740045432297,0.811550695216283,-2.18761772306926,-2.79516525254434
-1.6810931036022,-0.120751542736683,0.812182442750782,-2.20019667263318,-2.78887577776238
2.7703704775292,-0.97253299677029,0.813372483476996,-2.21277562219711,-2.78258630298042
-1.55905754138517,2.95332181602162,0.815540593350306,-2.22535457176103,-2.77629682819845
-2.84594760681822,-0.285562774002411,0.81568915490061,-2.23793352132495,-2.77000735341649
-2.49175724363256,-1.71635266172821,0.81602489342913,-2.25051247088888,-2.76371787863453
-2.97770543692208,-2.74242678207004,0.818389723543078,-2.2630914204528,-2.75742840385257
-0.727793288469673,3.07821611003082,0.818698625545949,-2.27567037001672,-2.75113892907061
3.04535434768321,2.0935467800511,0.819858791073784,-2.28824931958065,-2.74484945428865
-2.77475855261407,-1.26102462473689,0.820908001624048,-2.30082826914457,-2.73855997950669
-1.78957738927877,1.52621567294465,0.820935135241598,-2.31340721870849,-2.73227050472472
2.60435531187799,1.5567916871437,0.821114354999736,-2.32598616827242,-2.72598102994276
0.16734414478646,-1.64993803468247,0.822263462934643,-2.33856511783634,-2.7196915551608
2.62028739040065,-1.70048607270441,0.822499615838751,-2.35114406740026,-2.71340208037884
-3.09523315058589,-2.46891907974061,0.823511113179848,-2.36372301696418,-2.70711260559688
-2.07939363695934,2.97200687203914,0.823942015413195,-2.37630196652811,-2.70082313081492
-1.5022304524957,-1.83435743299598,0.824180928524584,-2.38888091609203,-2.69453365603295
-2.15487119640152,-1.88460207059953,0.824288724688813,-2.40145986565595,-2.68824418125099
3.1094113298594,-2.39105554262968,0.825859965058044,-2.41403881521988,-2.68195470646903
-2.52414190036051,-1.6863798221364,0.826484633376822,-2.4266177647838,-2.67566523168707
-1.25964398892658,-1.15567805728773,0.830256779445335,-2.43919671434772,-2.66937575690511
-1.6188346707435,2.45958019730928,0.833084419835359,-2.45177566391165,-2.66308628212315
-1.39825576540049,-2.51919612361429,0.833109983243048,-2.46435461347557,-2.65679680734118
-1.22353096522993,-3.00386433431341,0.833343413192779,-2.47693356303949,-2.65050733255922
-1.98886344830689,-1.36655277113081,0.839115791255608,-2.48951251260342,-2.64421785777726
1.75204909766325,-0.824702834136374,0.840381167363375,-2.50209146216734,-2.6379283829953
-2.69797199229798,1.609186740384,0.840896047651768,-2.51467041173126,-2.63163890821334
3.06040280751988,2.93794128200811,0.845499021932483,-2.52724936129519,-2.62534943343138
1.90949013706862,2.30549862722313,0.846780358813703,-2.53982831085911,-2.61905995864942
-1.31602227594611,-2.76393193818639,0.84773605177179,-2.55240726042303,-2.61277048386745
2.01842591590115,-1.24135996331155,0.851224356098101,-2.56498620998696,-2.60648100908549
-3.07581651942631,-0.532563083202209,0.851261570351198,-2.57756515955088,-2.60019153430353
-2.5990114412837,1.8211240387336,0.851508363615721,-2.5901441091148,-2.59390205952157
-1.91970751161463,-2.93778170065888,0.851696901023388,-2.60272305867872,-2.58761258473961
-1.09493344473641,2.12692473668819,0.852307771565393,-2.61530200824265,-2.58132310995765
-0.751001972372689,-1.50407719082437,0.852741188602522,-2.62788095780657,-2.57503363517568
-1.3729832964532,-1.26878567211457,0.85323186754249,-2.64045990737049,-2.56874416039372
-2.6371020405463,-0.351764265202647,0.855266914935783,-2.65303885693442,-2.56245468561176
-1.63146246343892,-2.32164532047776,0.855997697683051,-2.66561780649834,-2.5561652108298
-2.7361670007417,-2.19429418714755,0.858029253548011,-2.67819675606226,-2.54987573604784
-3.12524975234581,0.181908730627265,0.858111117966473,-2.69077570562619,-2.54358626126588
-2.31609213466214,-0.562396979486671,0.859697002219036,-2.70335465519011,-2.53729678648391
3.09806062760125,-2.72392411566381,0.860124983359128,-2.71593360475403,-2.53100731170195
-2.65986419966332,-2.53882398469666,0.860925108660012,-2.72851255431795,-2.52471783691999
2.94975388634862,-1.69177538425694,0.861672708997503,-2.74109150388188,-2.51842836213803
-2.57837755343283,-0.485259388041772,0.862056387588382,-2.7536704534458,-2.51213888735607
-0.750288589427453,-1.33223449347869,0.862302217399701,-2.76624940300972,-2.50584941257411
1.95008724582849,-0.959905709331609,0.862609363161027,-2.77882835257365,-2.49955993779215
2.40852092939194,-2.97456252879289,0.864031539065763,-2.79140730213757,-2.49327046301018
-1.99899868090345,2.23847569060925,0.864088537869975,-2.80398625170149,-2.48698098822822
2.34184523903793,2.09935025672518,0.866766322404146,-2.81656520126542,-2.48069151344626
-2.01940375680093,-2.60578673152299,0.868164123268798,-2.82914415082934,-2.4744020386643
-3.03784307527915,-0.885144464366645,0.869708637008443,-2.84172310039326,-2.46811256388234
-0.917122370260045,-2.84951638253106,0.870533738518134,-2.85430204995719,-2.46182308910038
2.18039841166993,3.08498157829004,0.870604752330109,-2.86688099952111,-2.45553361431842
-1.850348591599,-2.86923157366183,0.873030542396009,-2.87945994908503,-2.44924413953645
-2.82016753408207,1.03367457447457,0.875102320220321,-2.89203889864896,-2.44295466475449
1.04949909305962,0.758891916077378,0.875564830144867,-2.90461784821288,-2.43666518997253
2.63076942536546,-1.63057752729922,0.875698312651366,-2.9171967977768,-2.43037571519057
2.94637445344706,-2.88283101309258,0.875811965903267,-2.92977574734073,-2.42408624040861
-2.87319912770123,-2.17991556327975,0.878094196086749,-2.94235469690465,-2.41779676562665
-2.94168080991505,-0.0860165664186745,0.878529719077051,-2.95493364646857,-2.41150729084468
2.29539645930955,3.01186996367746,0.879027438350022,-2.96751259603249,-2.40521781606272
2.55866727330181,-3.05666572000085,0.880880366079509,-2.98009154559642,-2.39892834128076
-2.5251699906152,3.1188396492154,0.881541491020471,-2.99267049516034,-2.3926388664988
-2.9181212764497,-0.382577064534933,0.883132897084579,-3.00524944472426,-2.38634939171684
1.67360562864181,-1.26880143022297,0.883858518442139,-3.01782839428819,-2.38005991693488
2.87270833019955,-1.07729545202754,0.883923633955419,-3.03040734385211,-2.37377044215292
-1.84107755319714,3.06559239185832,0.88417408335954,-3.04298629341603,-2.36748096737095
3.09112784684777,-2.59079729866046,0.884563012979925,-3.05556524297996,-2.36119149258899
-3.01689874947376,2.70835498187676,0.884949701838195,-3.06814419254388,-2.35490201780703
-2.04720645166478,0.409481259224831,0.885088343638927,-3.0807231421078,-2.34861254302507
-2.60129720488215,-2.28811989088633,0.886398256523535,-3.09330209167172,-2.34232306824311
1.8690074591899,-2.78769505437175,0.88756510685198,-3.10588104123565,-2.33603359346115
2.58023045483026,-0.449359921996592,0.887905596755445,-3.11845999079957,-2.32974411867918
-1.97956368443511,-1.81874525983684,0.887988544302061,-3.13103894036349,-2.32345464389722
1.79565621841777,-2.33984653223128,0.89030801365152,3.13956741725217,-2.31716516911526
-2.61885591903884,-2.78610595749708,0.891969572287053,3.12698846768825,-2.3108756943333
2.3174240984041,-1.30152492228006,0.892814119113609,3.11440951812432,-2.30458621955134
-2.4973633982624,2.82299313519006,0.893034583190456,3.1018305685604,-2.29829674476938
2.32246023167762,-1.1382700841105,0.893455082084984,3.08925161899648,-2.29200726998741
-2.09160009615998,-1.20986903587188,0.894128613173962,3.07667266943255,-2.28571779520545
1.53518168935269,-2.08894441245381,0.894430036656559,3.06409371986863,-2.27942832042349
-1.40698364472653,-0.921364004603666,0.898089779773727,3.05151477030471,-2.27313884564153
1.55609599137399,-1.77385775287019,0.898637289414182,3.03893582074078,-2.26684937085957
-3.05143839062792,-0.214994884279818,0.899893607245758,3.02635687117686,-2.26055989607761
2.02668634520768,-1.9606794882615,0.901065037818626,3.01377792161294,-2.25427042129565
-0.614590614147348,-2.15065169476631,0.901159123517573,3.00119897204902,-2.24798094651368
-2.49394830536253,2.90935930528201,0.901463545393199,2.98862002248509,-2.24169147173172
-2.1410620960132,-0.867547573969532,0.902353494893759,2.97604107292117,-2.23540199694976
-1.69830442674336,-1.34357801338446,0.903259108774364,2.96346212335725,-2.2291125221678
-2.91206305930635,-1.13531682943656,0.904217692092061,2.95088317379332,-2.22282304738584
2.54362307773879,-3.01755140056191,0.904651614604518,2.9383042242294,-2.21653357260388
-1.86507678774969,2.06369044867829,0.905389253981411,2.92572527466548,-2.21024409782192
-0.888589074778771,-2.02603490422018,0.905589205445722,2.91314632510155,-2.20395462303995
-3.06105764004269,-1.54565531660728,0.906415848992765,2.90056737553763,-2.19766514825799
-2.43215786893048,-2.07187328845122,0.906780207529664,2.88798842597371,-2.19137567347603
2.36868421944137,0.735063057122535,0.907575523480773,2.87540947640979,-2.18508619869407
2.47182808048036,-0.838590307628227,0.907694257097319,2.86283052684586,-2.17879672391211
2.16087518781617,2.55062972214645,0.90826719161123,2.85025157728194,-2.17250724913015
1.44247767455124,2.79087465774587,0.908279055729508,2.83767262771802,-2.16621777434818
3.14017713374411,-2.04562112873079,0.90955123770982,2.82509367815409,-2.15992829956622
2.87869514356724,-1.51097894668048,0.913073611678556,2.81251472859017,-2.15363882478426
-2.33827726430234,-2.61797806861982,0.913954214891419,2.79993577902625,-2.1473493500023
2.63944829494446,3.00463988653832,0.914277417585254,2.78735682946232,-2.14105987522034
2.48134186328523,-1.56720153733348,0.914296037517488,2.7747778798984,-2.13477040043838
2.44324649543611,-2.04026759170765,0.914989112643525,2.76219893033448,-2.12848092565642
-2.84774273891636,-2.23039783208947,0.915496993111446,2.74961998077055,-2.12219145087445
1.50558545872175,3.00066103520352,0.915604295674711,2.73704103120663,-2.11590197609249
-2.88762513743054,1.9325316328522,0.915737987495959,2.72446208164271,-2.10961250131053
-2.82648529425156,-1.5575808551256,0.916922451229766,2.71188313207878,-2.10332302652857
2.21393195958484,0.0869154219959647,0.917719067307189,2.69930418251486,-2.09703355174661
1.46174323400697,2.09166669724319,0.917775433743373,2.68672523295094,-2.09074407696465
-1.41077968046566,-2.15752106522095,0.918046896113083,2.67414628338702,-2.08445460218268
-2.6045374632598,2.98644639458915,0.918053407687694,2.66156733382309,-2.07816512740072
2.0578836724413,-1.81734027262761,0.918638325063512,2.64898838425917,-2.07187565261876
-3.03408148431963,-2.77982000721052,0.919651159550995,2.63640943469525,-2.0655861778368
2.67089101625798,-2.8037352439571,0.920189888915047,2.62383048513132,-2.05929670305484
1.20928426428838,-1.27055121145325,0.92048806278035,2.6112515355674,-2.05300722827288
1.53945907191175,-2.95181696028991,0.920605102786794,2.59867258600348,-2.04671775349091
3.09412692655632,-2.3839381908537,0.921306522330269,2.58609363643955,-2.04042827870895
2.90587347314173,-1.37234849667624,0.924776853295043,2.57351468687563,-2.03413880392699
0.859656166809602,2.47939122727808,0.926466873148456,2.56093573731171,-2.02784932914503
0.809516703068844,2.49448329627256,0.927130343159661,2.54835678774779,-2.02155985436307
2.58052551501006,-2.04172451897874,0.92956327390857,2.53577783818386,-2.01527037958111
1.39735755835015,0.91072147656379,0.929819837678224,2.52319888861994,-2.00898090479915
0.475586693588232,-1.69647861930125,0.933397898916155,2.51061993905602,-2.00269143001718
3.07633094111586,-0.89890140461867,0.934410576708615,2.49804098949209,-1.99640195523522
2.40248030288768,-1.75437226934594,0.936712315073237,2.48546203992817,-1.99011248045326
1.44217323355842,-2.00208465181417,0.936895724851638,2.47288309036425,-1.9838230056713
2.10252218584067,-1.70554830374376,0.9377263977658,2.46030414080032,-1.97753353088934
2.36739989541856,-0.456850421726806,0.939060383941978,2.4477251912364,-1.97124405610738
2.78477213548846,-0.671776654799451,0.939578197430819,2.43514624167248,-1.96495458132542
2.72139844994889,-0.697279273548656,0.940025804098696,2.42256729210855,-1.95866510654345
-1.42074478511538,-0.573292685730403,0.940089099574834,2.40998834254463,-1.95237563176149
2.52301206182511,-2.25382541801438,0.940296812681481,2.39740939298071,-1.94608615697953
1.62385621619294,0.462738758700027,0.943942799931392,2.38483044341678,-1.93979668219757
2.17847392543472,2.08446941489253,0.943960870383307,2.37225149385286,-1.93350720741561
2.52453731325571,-1.53769108727017,0.944311572005972,2.35967254428894,-1.92721773263365
1.17109510827867,2.9444643525317,0.944313857005909,2.34709359472502,-1.92092825785168
2.1978835274455,-1.72865723490413,0.945530251367018,2.33451464516109,-1.91463878306972
2.13924088806741,-0.539220905043827,0.946060536894947,2.32193569559717,-1.90834930828776
1.40427669155081,-2.28897138126044,0.946148225804791,2.30935674603325,-1.9020598335058
-2.55516878324749,-2.78708697502608,0.948274101130664,2.29677779646932,-1.89577035872384
-2.95857156477074,2.27787937947789,0.950344882905483,2.2841988469054,-1.88948088394188
2.12506164614418,-0.849622804902708,0.950952906161547,2.27161989734148,-1.88319140915991
1.50103727976234,-1.3756300162989,0.952148556243628,2.25904094777755,-1.87690193437795
2.80627229897247,-2.1163260208971,0.954416549531743,2.24646199821363,-1.87061245959599
-2.12207530856629,-2.52846525755667,0.955313284415752,2.23388304864971,-1.86432298481403
2.18799737277374,-1.11361239308981,0.955946059431881,2.22130409908578,-1.85803351003207
-1.9102713653229,-0.559621130220663,0.956330311018974,2.20872514952186,-1.85174403525011
2.81553339050974,3.0323768121094,0.958923825761303,2.19614619995794,-1.84545456046814
-1.293826382044,-1.83458410054481,0.960741434246302,2.18356725039401,-1.83916508568618
1.25735765332444,2.76530283727605,0.963027439778671,2.17098830083009,-1.83287561090422
1.19028545628501,-0.516326541376952,0.963773617520928,2.15840935126617,-1.82658613612226
1.64017736494286,-0.299475230962432,0.964079848024994,2.14583040170224,-1.8202966613403
-1.24012260124695,-2.64188005806572,0.964108478045091,2.13325145213832,-1.81400718655834
2.02715818696748,-1.87723967549846,0.964421958429739,2.1206725025744,-1.80771771177638
2.52929576534126,3.09937682655448,0.965649027144536,2.10809355301047,-1.80142823699441
-0.424860803562549,1.46445141742964,0.969805403379723,2.09551460344655,-1.79513876221245
2.25487011759855,-2.83553684994276,0.970821262104437,2.08293565388263,-1.78884928743049
0.761667607759403,-0.361300149362243,0.97086477978155,2.07035670431871,-1.78255981264853
-0.940245552954348,-2.65598914336167,0.97128124604933,2.05777775475478,-1.77627033786657
1.71781290199424,-0.857466649148279,0.974047763040289,2.04519880519086,-1.76998086308461
1.51205564181662,-0.145063536939066,0.976018049288541,2.03261985562694,-1.76369138830264
1.12530589333179,-1.76886677943376,0.976479915436357,2.02004090606301,-1.75740191352068
2.29658424530858,-2.22696113798442,0.976598409703001,2.00746195649909,-1.75111243873872
-2.55131799024334,-1.42988537502591,0.976820353651419,1.99488300693517,-1.74482296395676
2.15955636046902,-2.9363977101756,0.977259314851835,1.98230405737124,-1.7385334891748
1.3396222454793,0.24234857134099,0.97823711973615,1.96972510780732,-1.73224401439284
2.01708560049766,-2.93691546163459,0.978256435599178,1.9571461582434,-1.72595453961088
-1.91597365258145,-0.78650877034184,0.978340887464583,1.94456720867948,-1.71966506482891
2.34960158103569,2.8827664605388,0.979627763386816,1.93198825911555,-1.71337559004695
2.78268658219963,-1.58924963421765,0.98109319829382,1.91940930955163,-1.70708611526499
3.11576153850057,-2.527207503814,0.98128518788144,1.90683035998771,-1.70079664048303
1.12862312048234,-2.39826171571036,0.982349182711914,1.89425141042378,-1.69450716570107
1.87478999036956,-0.502732497413014,0.982457571430132,1.88167246085986,-1.68821769091911
2.08625090283476,-1.92722759334237,0.982804776635021,1.86909351129594,-1.68192821613715
2.1284203528169,0.730009143424381,0.983940473524854,1.85651456173201,-1.67563874135518
2.53831029499263,-1.13795394483938,0.984388935845345,1.84393561216809,-1.66934926657322
0.792115864795969,0.907994517031607,0.985078845871612,1.83135666260417,-1.66305979179126
1.78783687849822,-1.78204856329292,0.985160376643762,1.81877771304024,-1.6567703170093
1.47400082406184,-2.2680573000751,0.987919309409335,1.80619876347632,-1.65048084222734
0.965605521778917,1.69174600238311,0.988381959265098,1.7936198139124,-1.64419136744538
0.383548622374768,-2.32064378277846,0.989155767951161,1.78104086434847,-1.63790189266341
-1.67923861721271,-1.90475079958252,0.99017768772319,1.76846191478455,-1.63161241788145
1.31971768965954,-2.94497977595491,0.992073366651312,1.75588296522063,-1.62532294309949
1.83130841313456,-1.97686909114649,0.99243926606141,1.7433040156567,-1.61903346831753
2.73669641471096,-0.550982869240446,0.994374415837228,1.73072506609278,-1.61274399353557
-2.8049401513098,-1.58453967388836,0.995457164244726,1.71814611652886,-1.60645451875361
2.51430060986783,-2.03768737910869,0.996836601290852,1.70556716696494,-1.60016504397164
2.8096037932679,-1.59424856465425,0.998137010727078,1.69298821740101,-1.59387556918968
-2.79691209052588,-3.13153569349476,0.998371583642438,1.68040926783709,-1.58758609440772
2.61986368403848,1.447658077053,0.999240607023239,1.66783031827317,-1.58129661962576
-2.70902174642949,-1.42448969987611,0.999267135048285,1.65525136870924,-1.5750071448438
