"theta.1","theta.2","t","true.1","true.2"
-2.59380434454832,-1.44739918614033,0.000222914619371295,-2.86845613587749,2.75649654293962
2.94899595737429,-2.82233685761165,0.000535876490175724,-2.87683930506652,2.75649654293962
3.12735693138317,-2.59227564100943,0.000800108071416616,-2.88522247425555,2.75649654293962
-2.71210179945496,2.15044203933405,0.00205391063354909,-2.89360564344458,2.75649654293962
1.98589803101381,-2.44908656728977,0.0022278088144958,-2.90198881263361,2.75649654293962
2.29143195999977,0.399183119343254,0.00300476746633649,-2.91037198182265,2.75649654293962
2.47559033006592,1.78459577148719,0.00413376814685762,-2.91875515101168,2.75649654293962
-2.58929776040858,2.96654583032089,0.00468857353553176,-2.92713832020071,2.75649654293962
2.77135577857897,-1.14236432629214,0.00623108586296439,-2.93552148938974,2.75649654293962
3.13084667294064,2.62808994453195,0.00638147653080523,-2.94390465857878,2.75649654293962
-0.590044259334694,1.00780401576335,0.00647474499419332,-2.95228782776781,2.75649654293962
-2.66748660584696,2.15465500939507,0.00679186335764825,-2.96067099695684,2.75649654293962
1.58942998909473,-2.45960557964243,0.00838057766668499,-2.96905416614587,2.75649654293962
2.33873604914576,-2.52608728262767,0.0101233513560146,-2.9774373353349,2.75649654293962
-2.91788980603692,2.81764797467751,0.0101610354613513,-2.98582050452394,2.75649654293962
2.94724763702066,1.77769009511318,0.0108243466820568,-2.99420367371297,2.75649654293962
-1.47446174390735,2.54945251191159,0.0111987120471895,-3.002586842902,2.75649654293962
1.85909865278242,1.22086948849902,0.0118390265852213,-3.01097001209103,2.75649654293962
-2.53428784636926,2.27456929005508,0.0118921711109579,-3.01935318128006,2.75649654293962
2.8234910782499,-2.5412932229609,0.0123695398215204,-3.0277363504691,2.75649654293962
-2.18585491330835,3.12562534398812,0.0129982794169337,-3.03611951965813,2.75649654293962
-2.04455028390626,-1.8096825734059,0.013170015765354,-3.04450268884716,2.75649654293962
2.19030840212384,-1.74497849766625,0.0136757562868297,-3.05288585803619,2.75649654293962
-2.79324807117607,1.36760503841634,0.0137094107922167,-3.06126902722523,2.75649654293962
0.932565191297544,2.56683687764703,0.0141359472181648,-3.06965219641426,2.75649654293962
2.82815744573995,2.74177120492709,0.014986063586548,-3.07803536560329,2.75649654293962
1.28814464713094,2.84192223885467,0.0158530056942254,-3.08641853479232,2.75649654293962
2.75812414640972,2.78921639083321,0.0176180249545723,-3.09480170398135,2.75649654293962
-2.14746378881489,1.42712825839,0.0176990528125316,-3.10318487317039,2.75649654293962
-2.43891897941514,1.93027689932547,0.0179128681775182,-3.11156804235942,2.75649654293962
2.2312870833781,0.726182145034831,0.0184950071852654,-3.11995121154845,2.75649654293962
2.11743062802434,0.851222780979563,0.0193620410282165,-3.12833438073748,2.75649654293962
2.27242283671061,3.13462055122595,0.0194142614491284,-3.13671754992651,2.75649654293962
2.89621142262028,2.2183643403443,0.0198496454395354,3.13808458806404,2.75649654293962
-2.8082696694053,-1.90507701000136,0.0198638052679598,3.12970141887501,2.75649654293962
2.50132832247266,2.31818307065094,0.0217691510915756,3.12131824968598,2.75649654293962
3.06905776628876,3.1040000553072,0.0225217223633081,3.11293508049694,2.75649654293962
-2.87040068085518,2.26369004031685,0.0234270391520113,3.10455191130791,2.75649654293962
-2.27062618483005,2.31643380144711,0.0254305391572416,3.09616874211888,2.75649654293962
1.84083510700408,-1.13386447512134,0.0254429441411048,3.08778557292985,2.75649654293962
-2.83968364638056,2.00090114300009,0.0267066727392375,3.07940240374081,2.75649654293962
-2.8988306930349,3.0262505339124,0.0270094962324947,3.07101923455178,2.75649654293962
2.25783267382052,1.8369563749484,0.0274678624700755,3.06263606536275,2.75649654293962
-2.66529311404211,-2.1800832278674,0.0289529336150736,3.05425289617372,2.75649654293962
-1.52117307591578,-2.83171648582972,0.0294410905335099,3.04586972698469,2.75649654293962
2.83173804021795,3.08617889183892,0.0304027267266065,3.03748655779565,2.75649654293962
2.06661868505555,-2.69077292899668,0.0315991861280054,3.02910338860662,2.75649654293962
-2.52572885595453,-2.99733818246607,0.032364264363423,3.02072021941759,2.75649654293962
0.737709817981154,0.720254685956317,0.0326491703744978,3.01233705022856,2.75649654293962
-3.10527850994406,-2.0151130602211,0.0347656388767064,3.00395388103952,2.75649654293962
0.409894051874174,2.25001171920668,0.0352196004241705,2.99557071185049,2.75649654293962
2.6060028020087,3.0580142018627,0.0354653620161116,2.98718754266146,2.75649654293962
2.20952943004082,1.50852080727531,0.0363135640509427,2.97880437347243,2.75649654293962
-2.77000462728949,0.783492415879311,0.0364095447584987,2.9704212042834,2.75649654293962
1.52493071548728,2.24010625998372,0.0369848869740963,2.96203803509436,2.75649654293962
-1.96186051459651,-2.29139592395999,0.0376840496901423,2.95365486590533,2.75649654293962
1.70544977089659,0.909136178887779,0.0379028113093227,2.9452716967163,2.75649654293962
3.0355208988724,0.739143482928463,0.0379620345775038,2.93688852752727,2.75649654293962
0.820831012646238,2.26030922865515,0.0394350790884346,2.92850535833824,2.75649654293962
0.0570744034140169,-2.27123178101788,0.0397745836526155,2.9201221891492,2.75649654293962
1.24943412730932,2.27385570038504,0.0402592509053648,2.91173901996017,2.75649654293962
2.37241238720853,-2.09405795648558,0.0404753508046269,2.90335585077114,2.75649654293962
0.948396541725963,3.03365336197803,0.0408747417386621,2.89497268158211,2.75649654293962
-3.02161911750615,-2.09863519780357,0.0410360572859645,2.88658951239308,2.75649654293962
2.12952833770492,-1.85812608810765,0.0411725002340972,2.87820634320404,2.75649654293962
-2.63786215284139,-1.49761060966683,0.0427210589405149,2.86982317401501,2.75649654293962
1.13576490429887,2.24464684011001,0.0440363495144993,2.86144000482598,2.75649654293962
2.5525136391546,-3.10703996070943,0.0443223835900426,2.85305683563695,2.75649654293962
-1.94174749460431,2.62992574366814,0.0451091437134892,2.84467366644791,2.75649654293962
1.78544823010332,-3.07219789012091,0.0461245358455926,2.83629049725888,2.75649654293962
3.10488591264061,2.91169538281317,0.0480036721564829,2.82790732806985,2.75649654293962
-1.92031990973789,2.1471136583475,0.0495843330863863,2.81952415888082,2.75649654293962
-2.73529476997142,3.11840881721192,0.0500514700543135,2.81114098969179,2.75649654293962
-1.79107879719956,-2.34575929078841,0.0530257180798799,2.80275782050275,2.75649654293962
-3.09868049438487,1.07421805165532,0.053238085238263,2.79437465131372,2.75649654293962
-2.92718127313481,2.49707280755249,0.05474663968198,2.78599148212469,2.75649654293962
0.325035169564656,1.84228197810351,0.0550239065196365,2.77760831293566,2.75649654293962
-2.26744820523349,-1.12575267013807,0.0554824410937726,2.76922514374663,2.75649654293962
-2.45621584208543,-1.47677493522186,0.055914239725098,2.76084197455759,2.75649654293962
1.36918516725536,2.69576999090891,0.0560228452086449,2.75245880536856,2.75649654293962
-3.10917529101397,-1.42299501173312,0.0562012915033847,2.74407563617953,2.75649654293962
-2.50664503853114,-2.41530855557382,0.0569540793076158,2.7356924669905,2.75649654293962
1.69443259862203,2.02907349470684,0.0575958203990012,2.72730929780147,2.75649654293962
2.82668354024605,1.95110664320959,0.0579627978149801,2.71892612861243,2.75649654293962
1.20183104625307,2.70863496678278,0.0580615154467523,2.7105429594234,2.75649654293962
2.72803062618877,2.60523115447009,0.0590086120646447,2.70215979023437,2.75649654293962
-2.74006351907753,2.00521956872397,0.0594972069375217,2.69377662104534,2.75649654293962
2.11730946649013,2.15935154616897,0.0597289418801665,2.6853934518563,2.75649654293962
-2.13350695058419,-1.90566914901603,0.060472657205537,2.67701028266727,2.75649654293962
-1.34905564380525,2.58391414178845,0.061072756536305,2.66862711347824,2.75649654293962
3.06642770600286,1.23176024008069,0.0614179794210941,2.66024394428921,2.75649654293962
2.99685889691022,-1.87991639222704,0.061885941773653,2.65186077510018,2.75649654293962
2.91194438912371,-1.76942000439494,0.0621076701208949,2.64347760591114,2.75649654293962
3.1253785299166,-1.93755043319027,0.0626495603937656,2.63509443672211,2.75649654293962
-0.852553432608692,-2.28252054928921,0.0637031092774123,2.62671126753308,2.75649654293962
-2.55253643705798,-3.09931783603454,0.065966933965683,2.61832809834405,2.75649654293962
2.47905399450224,1.44746163804852,0.0663435240276158,2.60994492915501,2.75649654293962
2.56880519804587,1.16566679389556,0.0672040558420122,2.60156175996598,2.75649654293962
2.34472764525684,-2.43212547864766,0.0675650420598686,2.59317859077695,2.75649654293962
-2.9769612894339,-2.42033044424865,0.0688630645163357,2.58479542158792,2.75649654293962
1.26660540311542,3.13891095636339,0.0697010948788375,2.57641225239889,2.75649654293962
-2.42948652896511,1.26079768015781,0.0697796479798853,2.56802908320985,2.75649654293962
-2.1784675701411,2.36035000344433,0.0704725317191333,2.55964591402082,2.75649654293962
-2.17396930884104,1.52208836503501,0.0705767134204507,2.55126274483179,2.75649654293962
1.59483240481738,-2.57213799685529,0.0707263911608607,2.54287957564276,2.75649654293962
-2.92452363081958,1.96633875818617,0.0712631177157164,2.53449640645373,2.75649654293962
2.93246892851959,2.83313608725944,0.0721500325016677,2.52611323726469,2.75649654293962
-2.6681852492825,-1.97024603796439,0.0733334710821509,2.51773006807566,2.75649654293962
-2.46887627817175,0.956485383916038,0.0739249316975474,2.50934689888663,2.75649654293962
-2.92958438508353,0.180599698190361,0.0742565365508199,2.5009637296976,2.75649654293962
2.18717099842223,-2.37699182980752,0.0766153775621206,2.49258056050857,2.75649654293962
2.98804143663603,3.13442059845383,0.079493765020743,2.48419739131953,2.75649654293962
1.30889922816809,-2.74937889500239,0.0797883803024888,2.4758142221305,2.75649654293962
1.08727487965752,2.84544848029594,0.0815706537105143,2.46743105294147,2.75649654293962
-1.25066643646765,-2.37881885596011,0.0816235146485269,2.45904788375244,2.75649654293962
2.12207229972845,-2.45829140980728,0.0819760053418577,2.4506647145634,2.75649654293962
-1.03454325207415,1.19812949348912,0.0833146064542234,2.44228154537437,2.75649654293962
2.74781304733236,-1.66798775120766,0.0833638857584447,2.43389837618534,2.75649654293962
-2.60419000899927,1.94467633024257,0.0839734592009336,2.42551520699631,2.75649654293962
-3.09827169353821,0.778943197766462,0.0840401691384614,2.41713203780728,2.75649654293962
1.88505497101836,2.02598296678499,0.0853978642262518,2.40874886861824,2.75649654293962
0.371429370401486,-2.15840565491176,0.090265289414674,2.40036569942921,2.75649654293962
2.16973856162011,1.43989270744992,0.0905274332035333,2.39198253024018,2.75649654293962
1.24879784939975,-0.474336192127097,0.091650290414691,2.38359936105115,2.75649654293962
-2.82588314210987,2.30945057116777,0.0926293055526912,2.37521619186212,2.75649654293962
1.04118073103692,-1.08617448487695,0.0940237960312515,2.36683302267308,2.75649654293962
-2.74410558650382,2.84373302079854,0.0940403279382735,2.35844985348405,2.75649654293962
2.96145711392284,2.91448240645764,0.0957068086136132,2.35006668429502,2.75649654293962
1.60454928724936,2.15980284026843,0.0957288052886724,2.34168351510599,2.75649654293962
-2.44807506611677,2.87845921644669,0.097096046898514,2.33330034591695,2.75649654293962
3.11373445459788,2.40558505984658,0.0982547234743834,2.32491717672792,2.75649654293962
-3.13644894922728,2.34436737445369,0.0992215706501156,2.31653400753889,2.75649654293962
2.32838291083602,1.48204804608699,0.099288786528632,2.30815083834986,2.75649654293962
2.83972034880767,-2.45188119700092,0.100334234535694,2.29976766916083,2.75649654293962
2.78090484738008,-2.17841988096227,0.102408247767016,2.29138449997179,2.75649654293962
1.63412764332034,3.13296248654903,0.103088211268187,2.28300133078276,2.75649654293962
1.34377694444499,2.028674068385,0.103356464533135,2.27461816159373,2.75649654293962
0.549100979659112,2.98849767634363,0.104804560076445,2.2662349924047,2.75649654293962
1.95051676286669,1.43332229668662,0.105475094169378,2.25785182321567,2.75649654293962
0.30702333845429,-3.06557605663504,0.106545459711924,2.24946865402663,2.75649654293962
-2.79380244783722,-3.01905755583408,0.10718792420812,2.2410854848376,2.75649654293962
-2.89780798134238,1.81741926127049,0.107360038673505,2.23270231564857,2.75649654293962
1.28322403585358,-2.59645964278193,0.107469426700845,2.22431914645954,2.75649654293962
0.827914789506901,-2.81842816127383,0.107481644954532,2.2159359772705,2.75649654293962
-2.7116713521021,2.74180760228615,0.107848615618423,2.20755280808147,2.75649654293962
1.50758638877912,-2.45644676905331,0.110148857580498,2.19916963889244,2.75649654293962
1.84316084543642,2.5644528440318,0.110540346475318,2.19078646970341,2.75649654293962
-2.78686755247971,-2.24014599250545,0.110659982077777,2.18240330051438,2.75649654293962
1.83682861495331,1.0004196508482,0.111620467156172,2.17402013132534,2.75649654293962
2.62056680132528,-2.76092663301713,0.113423754228279,2.16563696213631,2.75649654293962
2.21628631787478,-2.17679752871328,0.114273258717731,2.15725379294728,2.75649654293962
1.52995127152966,-3.1263308419885,0.115396536421031,2.14887062375825,2.75649654293962
2.48405684166641,1.83806677119712,0.117129619698972,2.14048745456922,2.75649654293962
-3.12083578732751,-2.51523951175723,0.117502752458677,2.13210428538018,2.75649654293962
2.76343688166239,1.74376147032099,0.119022908853367,2.12372111619115,2.75649654293962
0.819550733765915,1.48312953404506,0.119824058841914,2.11533794700212,2.75649654293962
2.46220066364559,2.90146424450306,0.120135390665382,2.10695477781309,2.75649654293962
2.98779085228832,3.08128237070662,0.121417301008478,2.09857160862405,2.75649654293962
-1.10653003395939,3.06635392656598,0.12167180259712,2.09018843943502,2.75649654293962
-1.05141355572788,2.38283752584999,0.121932269306853,2.08180527024599,2.75649654293962
2.61154726699573,2.19956969731586,0.122369020013139,2.07342210105696,2.75649654293962
-0.170267733745895,3.01183875873357,0.122703393455595,2.06503893186793,2.75649654293962
1.63998483433694,-2.1728382716639,0.123365750070661,2.05665576267889,2.75649654293962
3.11411278449276,1.9063857899252,0.123645656043664,2.04827259348986,2.75649654293962
0.988912442431573,2.16672567844412,0.124170401133597,2.03988942430083,2.75649654293962
2.14687378599272,0.0944474673434001,0.124236137140542,2.0315062551118,2.75649654293962
2.26375468883503,3.01475243891884,0.124646334210411,2.02312308592277,2.75649654293962
1.42884830358496,-2.86231548399138,0.125445956597105,2.01473991673373,2.75649654293962
-2.91094469100546,-1.78438254036531,0.125757500529289,2.0063567475447,2.75649654293962
1.10446010334174,1.36253182932573,0.125879961065948,1.99797357835567,2.75649654293962
1.38348678350842,2.75379882975003,0.127653408795595,1.98959040916664,2.75649654293962
1.12292016644466,1.52079526762804,0.127879020525143,1.9812072399776,2.75649654293962
0.131046630387349,-2.65429236802032,0.129221126204357,1.97282407078857,2.75649654293962
1.94410054558118,-0.616141158878927,0.132161581888795,1.96444090159954,2.75649654293962
1.1627675471936,2.07039639688971,0.13411690457724,1.95605773241051,2.75649654293962
0.111784684346039,0.404009441198414,0.134185544215143,1.94767456322148,2.75649654293962
2.23242062243279,-2.71883354705366,0.134411830920726,1.93929139403244,2.75649654293962
1.39024802001995,-0.866082758434045,0.135157182812691,1.93090822484341,2.75649654293962
1.82640504012571,1.8512070590288,0.136417012894526,1.92252505565438,2.75649654293962
0.818646914680442,2.24238956713669,0.138283847365528,1.91414188646535,2.75649654293962
2.140313398009,1.27827422561723,0.138435482280329,1.90575871727632,2.75649654293962
2.89984734365009,0.378104088007543,0.13846274279058,1.89737554808728,2.75649654293962
1.36455926151064,0.896715267044609,0.13993424247019,1.88899237889825,2.75649654293962
2.2395723680197,2.16273688916687,0.141225223662332,1.88060920970922,2.75649654293962
-2.86345571678397,1.08747162908038,0.142442765180022,1.87222604052019,2.75649654293962
-2.75467410261718,-2.0493495076704,0.143654071027413,1.86384287133115,2.75649654293962
1.74446469615385,-2.99583315705413,0.143663821974769,1.85545970214212,2.75649654293962
0.965953711384143,1.79206681867404,0.144119259901345,1.84707653295309,2.75649654293962
0.800568166479233,2.11105468590849,0.144592929631472,1.83869336376406,2.75649654293962
-2.63965643688677,1.39630075278928,0.144599554361776,1.83031019457503,2.75649654293962
0.641252727858126,0.637532240699901,0.145115301711485,1.82192702538599,2.75649654293962
-0.0189431165990941,1.83390746701158,0.145339552313089,1.81354385619696,2.75649654293962
1.36359498803367,1.16811030291681,0.146678989985958,1.80516068700793,2.75649654293962
2.58161279396385,-1.52413582266971,0.148698285222054,1.7967775178189,2.75649654293962
-0.138708570955054,0.187860823035012,0.148899469524622,1.78839434862987,2.75649654293962
1.21748172806477,-2.15468965336717,0.149198656436056,1.78001117944083,2.75649654293962
1.21285292051337,-2.28793601293512,0.149456129642203,1.7716280102518,2.75649654293962
0.819631458521057,2.83613122232271,0.149870354216546,1.76324484106277,2.75649654293962
-0.144806329235534,1.68172071271623,0.149979616748169,1.75486167187374,2.75649654293962
1.20923532986387,0.599118007302935,0.150246016215533,1.74647850268471,2.75649654293962
0.55850351176065,2.61546442246068,0.150506798643619,1.73809533349567,2.75649654293962
2.08023263141013,-1.41408427661381,0.151182806352153,1.72971216430664,2.75649654293962
-3.03256308554978,2.88553675828878,0.151277183322236,1.72132899511761,2.75649654293962
3.01090425899522,1.67937804505482,0.153092385036871,1.71294582592858,2.75649654293962
2.94590554828378,1.72234297311761,0.155658255098388,1.70456265673954,2.75649654293962
1.67212600851101,2.1493501640164,0.155713625717908,1.69617948755051,2.75649654293962
-2.65123574771634,2.97499323595861,0.155724317999557,1.68779631836148,2.75649654293962
1.02218094977663,1.20930021433898,0.157389685511589,1.67941314917245,2.75649654293962
1.81736509982439,-2.15189224158679,0.158287938218564,1.67102997998342,2.75649654293962
1.50373945116963,-3.01822406435883,0.158832158427685,1.66264681079438,2.75649654293962
-0.807495270504435,1.3667803687011,0.159925709711388,1.65426364160535,2.75649654293962
1.89607809698952,2.39396138867732,0.160645784111694,1.64588047241632,2.75649654293962
0.868959892543623,1.79767647509882,0.161343100480735,1.63749730322729,2.75649654293962
-2.87123505734101,-2.83174444340771,0.161661860300228,1.62911413403825,2.75649654293962
2.81693738187294,1.78902383552442,0.16289668250829,1.62073096484922,2.75649654293962
0.404033861137246,-2.68570735081455,0.164158052066341,1.61234779566019,2.75649654293962
-2.46107459113888,-2.37656698339413,0.164395281579345,1.60396462647116,2.75649654293962
-0.132881909058108,2.65405297253273,0.165814897976816,1.59558145728213,2.75649654293962
2.04172134135496,-0.647988392070134,0.166058968519792,1.58719828809309,2.75649654293962
0.285755875115637,-0.214133956872137,0.16665135929361,1.57881511890406,2.75649654293962
0.0736579996327134,-3.1177087250668,0.167117790551856,1.57043194971503,2.75649654293962
0.596834719969231,2.9729731906554,0.167139172554016,1.562048780526,2.75649654293962
1.03603974732468,3.08170488988328,0.167792777065188,1.55366561133697,2.75649654293962
2.68318925304417,3.08786042787169,0.168038814328611,1.54528244214793,2.75649654293962
0.440889605850194,-3.07335353961925,0.168512388831005,1.5368992729589,2.75649654293962
2.25391375135937,2.53957626631472,0.168556464137509,1.52851610376987,2.75649654293962
0.898926267444243,-3.10685959389488,0.168885086197406,1.52013293458084,2.75649654293962
1.554747069521,2.89439659489053,0.169830886879936,1.51174976539181,2.75649654293962
0.575101841804392,1.12690573149089,0.170174148865044,1.50336659620277,2.75649654293962
-1.33525396954209,-2.45852794297378,0.170705626485869,1.49498342701374,2.75649654293962
2.14237895554778,2.66272782524317,0.171491884859279,1.48660025782471,2.75649654293962
2.42800485457767,1.51147876339577,0.17171882558614,1.47821708863568,2.75649654293962
2.19412810653116,-1.57613830369174,0.172283251304179,1.46983391944664,2.75649654293962
2.12686900135674,-2.44217502966533,0.172743383096531,1.46145075025761,2.75649654293962
3.02221280062611,-2.26539450494062,0.174738775473088,1.45306758106858,2.75649654293962
-0.665152067103083,3.13599181408759,0.17488294839859,1.44468441187955,2.75649654293962
1.24929660988173,0.359998558267973,0.175281587289646,1.43630124269052,2.75649654293962
1.82900165097313,2.19145382945675,0.175507222302258,1.42791807350148,2.75649654293962
0.951733117943203,2.1098242692812,0.175594013184309,1.41953490431245,2.75649654293962
1.98726587382368,-2.23555392453822,0.176088664447889,1.41115173512342,2.75649654293962
0.056444398776665,-1.3484514039872,0.176136644557118,1.40276856593439,2.75649654293962
0.0587175031182792,-2.82858127488739,0.176289409399033,1.39438539674536,2.75649654293962
2.9395151334994,0.316576469919291,0.17629080475308,1.38600222755632,2.75649654293962
2.98388111665152,-2.745638247428,0.176573289791122,1.37761905836729,2.75649654293962
1.69472410368046,-2.87022094331978,0.176782986847684,1.36923588917826,2.75649654293962
2.88701156196849,0.69964407090974,0.177758544916287,1.36085271998923,2.75649654293962
-0.272675968874291,1.87266630633634,0.178017315687612,1.35246955080019,2.75649654293962
2.45394778257629,1.32404045534752,0.178133585490286,1.34408638161116,2.75649654293962
2.2078478554873,2.36016943864344,0.178383376915008,1.33570321242213,2.75649654293962
-0.0907043364091065,2.78559009121027,0.178404279286042,1.3273200432331,2.75649654293962
1.52264478322691,1.51874046974395,0.17841961979866,1.31893687404407,2.75649654293962
0.404246647021176,-2.87454737553822,0.178974051726982,1.31055370485503,2.75649654293962
2.04348992179566,-1.60036597567187,0.179889167891815,1.302170535666,2.75649654293962
-1.18275864425322,2.42844545762083,0.182470619212836,1.29378736647697,2.75649654293962
-2.30731102782534,2.38728069388001,0.182888426817954,1.28540419728794,2.75649654293962
2.28127951493477,1.43013759728799,0.18301414209418,1.27702102809891,2.75649654293962
2.14912377495607,2.94953083721126,0.183770280564204,1.26863785890987,2.75649654293962
0.835658067378104,-2.41218342052517,0.184099120786414,1.26025468972084,2.75649654293962
-1.35051658567977,0.491066629562261,0.184107921784744,1.25187152053181,2.75649654293962
-2.44253371993716,-2.02049090389705,0.184418463613838,1.24348835134278,2.75649654293962
-1.74623732436746,-0.741109611959119,0.185477980412543,1.23510518215374,2.75649654293962
-2.40391856305237,-2.53402441016285,0.185523777035996,1.22672201296471,2.75649654293962
2.77615444968367,1.2457649332679,0.185726554132998,1.21833884377568,2.75649654293962
1.83337955639914,1.24969770806091,0.186383108608425,1.20995567458665,2.75649654293962
-0.395465170922709,1.57290204659224,0.186540266266093,1.20157250539762,2.75649654293962
2.75909324203694,2.00251682189315,0.186820008791983,1.19318933620858,2.75649654293962
0.486513458367688,-1.33036274733114,0.187161804409698,1.18480616701955,2.75649654293962
-2.88193002557027,3.06359944628503,0.189452193444595,1.17642299783052,2.75649654293962
1.56988850400086,-1.77325812153674,0.189707341603935,1.16803982864149,2.75649654293962
1.68572137948407,-3.03009906746039,0.189969383645803,1.15965665945246,2.75649654293962
0.587274959162574,2.35237808765673,0.190631716744974,1.15127349026342,2.75649654293962
1.93251344222305,3.12658182890977,0.190648367162794,1.14289032107439,2.75649654293962
1.43442505674922,2.57583597102531,0.192091339733452,1.13450715188536,2.75649654293962
-1.13952098711101,1.15624067677858,0.192460788181052,1.12612398269633,2.75649654293962
2.23922738581368,-1.73685942807656,0.193342053564265,1.11774081350729,2.75649654293962
-0.908952333188537,2.08177835924741,0.193921755766496,1.10935764431826,2.75649654293962
0.389094799156497,2.91591007122001,0.194256863091141,1.10097447512923,2.75649654293962
1.56596210324346,2.23023605004621,0.194499287987128,1.0925913059402,2.75649654293962
1.39629617146928,2.08484453658459,0.195265372050926,1.08420813675117,2.75649654293962
1.26476294039506,2.98999932791555,0.197349094552919,1.07582496756213,2.75649654293962
1.69436722171121,1.86822164717143,0.19763983367011,1.0674417983731,2.75649654293962
-1.17801356816807,1.83179708791157,0.197850339347497,1.05905862918407,2.75649654293962
2.85124196567075,2.82942337267799,0.19929289794527,1.05067545999504,2.75649654293962
1.15727611069954,-2.54558026824146,0.200828704284504,1.04229229080601,2.75649654293962
2.06997005107589,1.83966848903937,0.201708723092452,1.03390912161697,2.75649654293962
2.20056540342478,2.61912545289073,0.20226903189905,1.02552595242794,2.75649654293962
1.27082110819118,2.78965656326066,0.20260096876882,1.01714278323891,2.75649654293962
-1.49441751135416,2.04056132073225,0.204108482692391,1.00875961404988,2.75649654293962
1.3306573409991,1.73262200782979,0.204390635015443,1.00037644486084,2.75649654293962
-0.891961249469348,3.04657534325641,0.204608157509938,0.991993275671813,2.75649654293962
-2.28385371813189,2.61050420105347,0.204683070071042,0.98361010648278,2.75649654293962
1.02790428460175,-2.92582192050569,0.205778603209183,0.975226937293749,2.75649654293962
2.43470429658632,-1.06478953360186,0.20634226850234,0.966843768104717,2.75649654293962
-1.96326734095252,2.51205912898573,0.206681067124009,0.958460598915684,2.75649654293962
-0.864149793389744,-2.23494485477811,0.207956076599658,0.950077429726653,2.75649654293962
-0.11438299541488,1.5024190507802,0.209787213709205,0.94169426053762,2.75649654293962
-0.326847233430604,0.88869213883432,0.210307235363871,0.933311091348588,2.75649654293962
0.341795469607349,2.53092560163627,0.21085299202241,0.924927922159556,2.75649654293962
2.63791770311482,0.371016060183157,0.211592749226838,0.916544752970523,2.75649654293962
0.306670858532282,-2.86653790965257,0.212096689268947,0.908161583781491,2.75649654293962
-2.75028085184835,2.01294700405196,0.212200914975256,0.899778414592459,2.75649654293962
2.78245578380579,-2.87163244481794,0.212524961447343,0.891395245403427,2.75649654293962
0.807284387462023,2.9111276840151,0.213201057864353,0.883012076214395,2.75649654293962
0.630652016610095,2.20128388688134,0.213617944857106,0.874628907025363,2.75649654293962
-3.1292922799065,-3.04249219156193,0.213682267116383,0.866245737836331,2.75649654293962
2.18477540988609,1.50932236056289,0.215587000828236,0.857862568647299,2.75649654293962
-0.619972905783753,3.09379424282316,0.215979763073847,0.849479399458266,2.75649654293962
0.561609507044595,3.04250231501305,0.216119616525248,0.841096230269234,2.75649654293962
-0.0566281620234532,2.78017638780423,0.216411509551108,0.832713061080202,2.75649654293962
0.381617525200438,-1.96729546721117,0.216416076291353,0.82432989189117,2.75649654293962
1.68230610835387,-2.75954640264419,0.218364765169099,0.815946722702138,2.75649654293962
-0.332094841661577,3.05838997549466,0.218382440973073,0.807563553513106,2.75649654293962
0.250269589827975,0.435145514404935,0.218677139375359,0.799180384324073,2.75649654293962
-2.34192277296945,2.5632993046663,0.219548307126388,0.790797215135042,2.75649654293962
-0.527618121406576,1.89977141370408,0.220126097789034,0.782414045946009,2.75649654293962
1.45726782881011,2.81087611691108,0.220307437237352,0.774030876756977,2.75649654293962
1.51988393381297,2.48645353863796,0.221179394982755,0.765647707567945,2.75649654293962
-0.350827326106205,0.0112294407398723,0.221238021273166,0.757264538378912,2.75649654293962
2.90525345683721,3.06736831973906,0.221892244648188,0.748881369189881,2.75649654293962
-1.30998335084367,2.00556391973472,0.222023579757661,0.740498200000848,2.75649654293962
-0.493740186683628,1.04594315368112,0.222893544007093,0.732115030811817,2.75649654293962
-0.130698606286053,-0.509464421030091,0.22311764350161,0.723731861622785,2.75649654293962
0.234467375913084,-2.64215104934605,0.223650770494714,0.715348692433752,2.75649654293962
1.18072654249,0.630426338009157,0.223705163458362,0.706965523244721,2.75649654293962
2.11261756862004,-2.85149766710123,0.224854895146564,0.698582354055688,2.75649654293962
-0.908689689150435,0.676948004521986,0.225283791543916,0.690199184866656,2.75649654293962
-0.0823998923987803,-2.56975311028146,0.225705332588404,0.681816015677624,2.75649654293962
2.61997319169511,2.71995210472698,0.226349805248901,0.673432846488591,2.75649654293962
0.452077203790685,-2.05347826903444,0.22847067238763,0.665049677299559,2.75649654293962
1.70007264550096,-2.49041768767485,0.228477026335895,0.656666508110527,2.75649654293962
0.283400552575738,-0.772369372561494,0.228517889976501,0.648283338921495,2.75649654293962
-0.0977306691967827,0.785923864579192,0.228526696329936,0.639900169732464,2.75649654293962
-0.00741296802565028,2.46197071897933,0.228845926467329,0.631517000543431,2.75649654293962
0.972587669997547,1.55396493920694,0.229958665324375,0.623133831354399,2.75649654293962
-0.28372050102492,1.0316028006997,0.230803035665303,0.614750662165367,2.75649654293962
-0.565800521654202,2.57582817998162,0.231317533412948,0.606367492976334,2.75649654293962
1.42374280144928,2.46279597860721,0.231834057020023,0.597984323787303,2.75649654293962
0.222252233578003,-2.32062221578096,0.232125716982409,0.58960115459827,2.75649654293962
0.0645851324009694,2.49654265680983,0.232139443745837,0.581217985409238,2.75649654293962
0.991325271312041,1.5422765176977,0.232895993860438,0.572834816220206,2.75649654293962
-0.955532934314022,-2.65874681746138,0.232994528021663,0.564451647031174,2.75649654293962
-1.86521208044599,0.809527572443893,0.233112172689289,0.556068477842142,2.75649654293962
-1.67123325537468,-1.41563924837135,0.233869213843718,0.54768530865311,2.75649654293962
-1.46382330866346,-1.38615059212145,0.23466080846265,0.539302139464077,2.75649654293962
1.13052741420488,2.61818557799784,0.235387219581753,0.530918970275046,2.75649654293962
-0.19269124694642,-2.72950238438,0.235403875587508,0.522535801086013,2.75649654293962
-2.14764447570492,-2.55627405561275,0.235449503641576,0.514152631896981,2.75649654293962
3.09916300927375,1.2659459970184,0.235962483566254,0.505769462707949,2.75649654293962
2.10025435607511,2.87969132386141,0.236797530436888,0.497386293518916,2.75649654293962
-0.526377376551194,-2.66816434886597,0.237236431101337,0.489003124329885,2.75649654293962
2.45874385087819,3.06111876644539,0.238726183306426,0.480619955140853,2.75649654293962
-0.490950741410119,-0.932902644346292,0.240674685221165,0.472236785951821,2.75649654293962
0.0743356676063165,-2.65117302885962,0.241488974541426,0.463853616762789,2.75649654293962
0.908740133199235,-1.25500958944651,0.241581595502794,0.455470447573756,2.75649654293962
0.827637695982345,1.82887812360481,0.242090351181105,0.447087278384724,2.75649654293962
2.34156239544206,2.60153534899678,0.2442600147333,0.438704109195692,2.75649654293962
-0.174434306439437,3.0869721225584,0.244629848748446,0.430320940006659,2.75649654293962
-1.83722733165446,-1.85644950763375,0.245545256417245,0.421937770817627,2.75649654293962
0.312002791343959,1.78925184609536,0.246085129445419,0.413554601628595,2.75649654293962
1.34151455686761,-2.67183357113236,0.246522752335295,0.405171432439563,2.75649654293962
0.213697481346203,2.6336703050006,0.247333779698238,0.396788263250532,2.75649654293962
-0.809239205443227,1.1937064416395,0.247408594703302,0.388405094061499,2.75649654293962
-1.40147235801464,2.40202124485913,0.248002389911562,0.380021924872467,2.75649654293962
1.68354354691665,1.76810835448282,0.249126808485016,0.371638755683435,2.75649654293962
0.965777757717073,-2.19738558422932,0.250706354388967,0.363255586494403,2.75649654293962
1.10152940462618,2.02363280006556,0.252048610942438,0.354872417305371,2.75649654293962
0.875183005574785,0.542645515205732,0.252617167076096,0.346489248116338,2.75649654293962
-0.149259349373918,2.28917043284074,0.252716186922044,0.338106078927305,2.75649654293962
-0.513196349808331,-1.89989749061024,0.252743887715042,0.329722909738274,2.75649654293962
1.15830038656079,2.55030488296261,0.252914686221629,0.321339740549242,2.75649654293962
-0.391086161657112,-2.98316477895325,0.254522669827566,0.31295657136021,2.75649654293962
-1.79086004063373,2.04135789579999,0.255249530775473,0.304573402171178,2.75649654293962
-0.639043448073102,1.91197569470946,0.256764746038243,0.296190232982145,2.75649654293962
-1.58359079229447,2.84203506042065,0.258097057230771,0.287807063793114,2.75649654293962
0.674550371329303,2.51805311273047,0.258122218074277,0.279423894604081,2.75649654293962
-0.110066935357819,0.456469329408695,0.259473394136876,0.27104072541505,2.75649654293962
-0.557690278624658,1.95108214939331,0.260035135317594,0.262657556226017,2.75649654293962
0.173274181290033,-2.32692878333788,0.260165193118155,0.254274387036984,2.75649654293962
0.290447607999801,2.45556912459959,0.260603025788441,0.245891217847953,2.75649654293962
0.951845564699826,2.22670298278208,0.262311078608036,0.237508048658921,2.75649654293962
1.32280602486203,-1.79886283309676,0.26249805954285,0.229124879469889,2.75649654293962
-0.337966668470579,2.18855363880587,0.262877339730039,0.220741710280857,2.75649654293962
-0.494362992352906,-3.0550579783104,0.263413503998891,0.212358541091824,2.75649654293962
-1.07812327568103,-2.76650627211569,0.263576951576397,0.203975371902792,2.75649654293962
-1.57983823738291,-3.05341094189575,0.263585316948593,0.19559220271376,2.75649654293962
-0.883821087322373,1.88433971253376,0.264056339859962,0.187209033524728,2.75649654293962
-0.541473812626563,1.7040587196099,0.264358436688781,0.178825864335695,2.75649654293962
0.317829827110707,2.55825079268348,0.265473814681172,0.170442695146663,2.75649654293962
1.26793414276223,-2.24498618893902,0.265655645634979,0.162059525957631,2.75649654293962
1.35260093175402,-2.02005312146413,0.265963606070727,0.153676356768599,2.75649654293962
-0.291641029896427,2.24943526104077,0.268573677865788,0.145293187579568,2.75649654293962
-0.589681963051152,1.76855933792231,0.269127242965624,0.136910018390535,2.75649654293962
-0.381917061810923,-2.54308958275237,0.269689857261255,0.128526849201503,2.75649654293962
0.157789739135962,-0.543440359419952,0.270461903186515,0.12014368001247,2.75649654293962
0.978693575449035,-2.1000934156326,0.272377845598385,0.111760510823439,2.75649654293962
0.413684048228403,-2.6449724129808,0.272381648886949,0.103377341634406,2.75649654293962
0.613535864219536,-1.17397948486059,0.272846089676023,0.0949941724453733,2.75649654293962
-0.342647284336784,-3.00319942565405,0.273048895411193,0.0866110032563423,2.75649654293962
0.278239769786921,-2.00313214923787,0.274209717521444,0.0782278340673095,2.75649654293962
-1.79949719442226,-2.83323290717068,0.274220089195296,0.0698446648782785,2.75649654293962
-0.243041313261519,1.42361658535211,0.274965483462438,0.0614614956892456,2.75649654293962
-0.363967333499258,1.38186775175663,0.275624316185713,0.0530783265002128,2.75649654293962
-1.3736942295479,1.41853681762644,0.275632613105699,0.0446951573111818,2.75649654293962
-0.120151096437074,1.36601898944253,0.277005184208974,0.036311988122149,2.75649654293962
1.54101706074475,0.549789382815669,0.277693672338501,0.0279288189331179,2.75649654293962
-2.06609070437625,2.81316768681434,0.278387116268277,0.0195456497440851,2.75649654293962
-0.299372689134332,1.53063668512291,0.278667211299762,0.0111624805550523,2.75649654293962
-1.12007279624682,1.38453483110738,0.27933185826987,0.00277931136602128,2.75649654293962
0.182072305530913,2.40375996181168,0.279404292115942,-0.00560385782301154,2.75649654293962
-1.03316953699224,-2.96183062425797,0.279764338862151,-0.0139870270120435,2.75649654293962
-1.60600205378924,1.82016709115644,0.280146493809298,-0.0223701962010754,2.75649654293962
-0.571429497206429,-2.48154166643744,0.280241574859247,-0.0307533653901082,2.75649654293962
-0.0611633608485915,2.18321780260637,0.280409266706556,-0.0391365345791401,2.75649654293962
-1.57060723269093,2.66052008598894,0.281438177684322,-0.0475197037681721,2.75649654293962
-1.14647627125273,2.73048903155024,0.281879498856142,-0.055902872957204,2.75649654293962
-0.0947627271288072,-2.60305520698575,0.281906540738419,-0.0642860421462359,2.75649654293962
-0.180919601939132,-2.44712121525014,0.282089259242639,-0.0726692113352687,2.75649654293962
1.74270089700988,1.04577255604709,0.282198319444433,-0.0810523805243006,2.75649654293962
-0.360519588897992,1.49068132893098,0.282354569062591,-0.0894355497133326,2.75649654293962
0.00601278560514018,2.35765603409007,0.282403530552983,-0.0978187189023645,2.75649654293962
-1.23410931794117,1.75774720270763,0.2826137105003,-0.106201888091396,2.75649654293962
2.92690477403842,2.13373803098105,0.282664987025782,-0.114585057280429,2.75649654293962
0.708819242618971,1.41538274626722,0.282990820938721,-0.122968226469462,2.75649654293962
-1.04910157089462,2.1186741462331,0.283044032286853,-0.131351395658493,2.75649654293962
0.240383453789947,2.52369609290691,0.283340839436278,-0.139734564847526,2.75649654293962
-0.945416436116907,2.03330777684122,0.28395406412892,-0.148117734036557,2.75649654293962
-0.918484783608623,-2.80197462728764,0.284565051551908,-0.15650090322559,2.75649654293962
-0.596015483183158,-3.13697888395384,0.285168268019333,-0.164884072414623,2.75649654293962
-0.00867711797946402,2.31509783591305,0.285254950169474,-0.173267241603654,2.75649654293962
-0.462600945560633,-2.61883131002231,0.285474682226777,-0.181650410792686,2.75649654293962
0.218734188011851,2.43848125984883,0.285505569307134,-0.190033579981719,2.75649654293962
0.40670396692569,2.8121017443366,0.285967193543911,-0.19841674917075,2.75649654293962
-0.544041399275796,1.72600636552148,0.286092145368457,-0.206799918359783,2.75649654293962
0.894576094482539,-2.59149821458261,0.287046396639198,-0.215183087548814,2.75649654293962
-0.0317433543837344,1.48885255010363,0.287730805808678,-0.223566256737847,2.75649654293962
-1.24557919801099,-2.76999154992252,0.288251395802945,-0.23194942592688,2.75649654293962
-1.51677102927445,1.43318629856733,0.288701109355316,-0.240332595115911,2.75649654293962
-1.75618677375829,-2.6358159273966,0.289178440347314,-0.248715764304944,2.75649654293962
-0.0495199668860753,1.71754750625068,0.289309757295996,-0.257098933493976,2.75649654293962
-2.06521384012067,2.6628533325314,0.292583668837324,-0.265482102683007,2.75649654293962
0.0708603651060811,2.06323334820629,0.292594835394993,-0.27386527187204,2.75649654293962
-0.633747612695749,-2.95060374225491,0.293052061460912,-0.282248441061072,2.75649654293962
0.161842389335788,2.69568342781635,0.294661012478173,-0.290631610250104,2.75649654293962
0.0452532122946261,2.62949982903391,0.294945521745831,-0.299014779439136,2.75649654293962
-1.5492996249768,-2.20736861608048,0.295224262168631,-0.307397948628168,2.75649654293962
-0.383584360916128,2.78216052184146,0.295743165072054,-0.315781117817201,2.75649654293962
-0.833584089918146,1.4828141774096,0.295907500898466,-0.324164287006233,2.75649654293962
0.206025969643311,2.82381015103903,0.296090936521068,-0.332547456195265,2.75649654293962
0.302992208131364,-0.644880032090782,0.296196897746995,-0.340930625384297,2.75649654293962
0.122896162064967,2.65407486479138,0.296233131084591,-0.349313794573328,2.75649654293962
-0.292409339257358,-2.98667968559558,0.296805183170363,-0.357696963762361,2.75649654293962
-2.21639363895917,-1.41212676576393,0.297613899689168,-0.366080132951394,2.75649654293962
0.710241428080105,3.0779535863577,0.29765630629845,-0.374463302140425,2.75649654293962
0.677979767971752,0.172596353654327,0.298850081628188,-0.382846471329458,2.75649654293962
0.907481098997575,2.20033543878535,0.299028183799237,-0.391229640518489,2.75649654293962
-0.283554625439324,0.728952420620725,0.30110374558717,-0.399612809707522,2.75649654293962
-1.14949430581632,1.59214258862503,0.301454049302265,-0.407995978896555,2.75649654293962
1.58653165261859,-1.69248130152713,0.303420627722517,-0.416379148085586,2.75649654293962
0.684443281552708,2.41197976240068,0.304440783103928,-0.424762317274618,2.75649654293962
-1.25256526954461,-1.9178579684835,0.304604700999334,-0.433145486463649,2.75649654293962
-3.05360158836211,2.75150396795499,0.305335217621177,-0.441528655652682,2.75649654293962
-2.19020206863179,-2.5390029250908,0.307051228592172,-0.449911824841715,2.75649654293962
-1.3686442182859,-1.82658412785939,0.307738182134926,-0.458294994030746,2.75649654293962
-0.910145977372627,1.84899296540135,0.308620010502636,-0.466678163219779,2.75649654293962
-1.4536200171998,1.81813760059692,0.309156639967114,-0.475061332408811,2.75649654293962
-0.955377740459575,1.7713298635326,0.309491717955098,-0.483444501597843,2.75649654293962
2.71096216876275,-3.06747810386177,0.309540616115555,-0.491827670786876,2.75649654293962
-0.818689144538292,-3.12891678995589,0.30954480660148,-0.500210839975908,2.75649654293962
-2.27132991971372,-3.01809001750515,0.310016546864063,-0.508594009164939,2.75649654293962
-1.05725142434613,2.65025055268023,0.311363487038761,-0.516977178353971,2.75649654293962
1.14130718130592,2.81392361082304,0.31271442049183,-0.525360347543004,2.75649654293962
0.296729848568248,3.05706814675548,0.313533181091771,-0.533743516732036,2.75649654293962
-0.62303720812555,2.34927552417518,0.313684798078611,-0.542126685921068,2.75649654293962
-0.876441758924421,2.3043528951379,0.315200586803257,-0.5505098551101,2.75649654293962
-1.46032473553756,-2.94502209111637,0.315426050685346,-0.558893024299132,2.75649654293962
-0.77704062169316,-3.06169422873714,0.317567182704806,-0.567276193488165,2.75649654293962
0.047217740652818,2.75292797060526,0.317636772990227,-0.575659362677197,2.75649654293962
0.244590780909617,1.28420010387871,0.318787523079664,-0.584042531866229,2.75649654293962
-0.419852519613594,1.16976041582762,0.318828441901132,-0.59242570105526,2.75649654293962
-1.98614301634859,2.45619279310775,0.319274986861274,-0.600808870244292,2.75649654293962
0.566142297673489,1.88438495030011,0.319687918061391,-0.609192039433325,2.75649654293962
-2.8500256580737,-2.54983886061647,0.320332087343559,-0.617575208622357,2.75649654293962
0.981037508564137,-3.04449030030301,0.321205680491403,-0.625958377811389,2.75649654293962
-0.0292877743665336,-2.31067015921412,0.322474181419238,-0.634341547000422,2.75649654293962
-0.212127164470276,-1.44131931426153,0.323338168440387,-0.642724716189454,2.75649654293962
-2.42393786010053,0.46921714287808,0.323686091927812,-0.651107885378486,2.75649654293962
-1.76846042420083,-2.95356011294122,0.324089397210628,-0.659491054567519,2.75649654293962
-0.744062862857188,2.94812633499116,0.324118431890383,-0.66787422375655,2.75649654293962
0.211453153348647,-1.61916854083043,0.32424710621126,-0.676257392945582,2.75649654293962
-0.325244006713697,-2.24922407806327,0.324622560990974,-0.684640562134614,2.75649654293962
-2.27606464465233,1.64984574609079,0.325491503113881,-0.693023731323647,2.75649654293962
0.111469344056698,0.749104898587997,0.325540843419731,-0.701406900512679,2.75649654293962
-1.2571969690997,1.50386927825813,0.326673991745338,-0.709790069701711,2.75649654293962
-0.0196510070713467,-2.22084379567764,0.326932364609092,-0.718173238890743,2.75649654293962
0.745309790792357,2.81207473240232,0.327353314729407,-0.726556408079775,2.75649654293962
-0.593557950382893,2.75443999716833,0.327460003551096,-0.734939577268808,2.75649654293962
1.17469001333408,1.85584386764901,0.327797275502235,-0.74332274645784,2.75649654293962
0.773556214989433,2.17454538252404,0.327931591076776,-0.751705915646872,2.75649654293962
-1.89633504818034,2.03286163730854,0.328749166335911,-0.760089084835903,2.75649654293962
-0.800814594806001,1.5739928866337,0.328899492509663,-0.768472254024935,2.75649654293962
-1.53547941300464,-1.38333128336045,0.329274874646217,-0.776855423213968,2.75649654293962
-3.08710383447004,-2.62530911294835,0.330270524602383,-0.785238592403,2.75649654293962
0.331699007921942,-3.06213649352865,0.330291277961805,-0.793621761592032,2.75649654293962
-1.22616506560306,-2.89195138338443,0.330635015852749,-0.802004930781064,2.75649654293962
0.848287229114563,3.00470859918044,0.331260017352179,-0.810388099970096,2.75649654293962
0.124480945490151,-3.08147973941228,0.33137136278674,-0.818771269159129,2.75649654293962
-1.38362694082097,1.78823900792208,0.331553581170738,-0.827154438348161,2.75649654293962
-0.264043730212396,2.47168626077346,0.333575290860608,-0.835537607537193,2.75649654293962
1.15554695035019,-2.73578215913882,0.334778224816546,-0.843920776726224,2.75649654293962
-2.6597542786429,2.53727146488472,0.335397074697539,-0.852303945915257,2.75649654293962
-0.852547428895798,-1.98010767756245,0.335431335493922,-0.860687115104289,2.75649654293962
-0.925752035980006,3.1408856274695,0.336148151196539,-0.869070284293321,2.75649654293962
-1.1295043167524,2.16801587666781,0.336558743612841,-0.877453453482354,2.75649654293962
-1.17253058537741,1.05243183457883,0.337792648235336,-0.885836622671386,2.75649654293962
0.296358680376053,1.35471142234294,0.338210834655911,-0.894219791860418,2.75649654293962
-0.394361469821977,-2.5379167769258,0.33912194869481,-0.902602961049451,2.75649654293962
-1.82681845967549,-3.0345334475721,0.340055360225961,-0.910986130238483,2.75649654293962
-1.21677475178828,2.92936607570711,0.340930151287466,-0.919369299427514,2.75649654293962
-0.732517503702004,2.58514219673852,0.341709915082902,-0.927752468616546,2.75649654293962
-0.111832697575453,-2.13931453920176,0.341837000334635,-0.936135637805578,2.75649654293962
-1.19167134189379,2.81692693334985,0.342589781852439,-0.944518806994611,2.75649654293962
-0.637388586382188,-2.66250423190146,0.342819647165015,-0.952901976183643,2.75649654293962
-2.15583539578366,2.78598429661002,0.343293398153037,-0.961285145372675,2.75649654293962
0.204709175334522,-2.43731748868387,0.343492338201031,-0.969668314561707,2.75649654293962
-0.422638469422409,1.71296764828864,0.343596691265702,-0.978051483750739,2.75649654293962
-0.596131007523351,0.99164609191637,0.344531279988587,-0.986434652939772,2.75649654293962
-0.72447516160735,2.62589351057567,0.344815494026989,-0.994817822128804,2.75649654293962
-0.323400615792226,-0.332191226405887,0.346136803971604,-1.00320099131784,2.75649654293962
1.73728471334964,-3.06564433185957,0.346675721462816,-1.01158416050687,2.75649654293962
0.192989199449809,-2.19698182984747,0.348010999150574,-1.0199673296959,2.75649654293962
-1.85893683780861,2.12606748284708,0.351359853986651,-1.02835049888493,2.75649654293962
-0.395357428873874,2.69968742425377,0.352070210967213,-1.03673366807396,2.75649654293962
-0.479999422716705,0.417678796455767,0.352205649483949,-1.045116837263,2.75649654293962
-0.124954742593345,-2.48722952003441,0.352877526311204,-1.05350000645203,2.75649654293962
-0.889083453114982,2.42182424784292,0.354216486914083,-1.06188317564106,2.75649654293962
-2.80539554569397,2.78357159630075,0.354340130230412,-1.07026634483009,2.75649654293962
-2.79593920841284,1.92934233760699,0.3545871458482,-1.07864951401912,2.75649654293962
-1.72766023426314,0.290697955297117,0.355014176107943,-1.08703268320816,2.75649654293962
-1.54515358596487,0.469106877382785,0.355053101666272,-1.09541585239719,2.75649654293962
-0.193050335137396,2.39073991372941,0.355181893566623,-1.10379902158622,2.75649654293962
-0.696552309106367,-3.13471478970403,0.355887882877141,-1.11218219077525,2.75649654293962
2.29745027705078,-2.19223983781715,0.356380096171051,-1.12056535996429,2.75649654293962
-0.595826290877885,0.880212653274668,0.356770718935877,-1.12894852915332,2.75649654293962
-1.51893048317504,3.0650357123313,0.357150609605014,-1.13733169834235,2.75649654293962
0.142933942805724,1.92260489597703,0.357875586254522,-1.14571486753138,2.75649654293962
-2.70230073957318,0.728382916245511,0.358299616724253,-1.15409803672041,2.75649654293962
-2.67009631344416,-2.69968516128092,0.359226010739803,-1.16248120590945,2.75649654293962
-1.07657799847443,2.17341118941074,0.35933476453647,-1.17086437509848,2.75649654293962
2.07579259425343,0.746671368486246,0.359375723171979,-1.17924754428751,2.75649654293962
-1.0834173820129,-2.87297607186598,0.359499440295622,-1.18763071347654,2.75649654293962
-1.67284334220868,-2.0201123175085,0.359645528718829,-1.19601388266558,2.75649654293962
-2.84974072261451,0.652648499346082,0.360458296723664,-1.20439705185461,2.75649654293962
-1.00260167366839,0.286292685730054,0.360684952465817,-1.21278022104364,2.75649654293962
-0.249619600406884,2.47385590225826,0.361558320233598,-1.22116339023267,2.75649654293962
-0.714895968745999,2.58816366246426,0.363149692304432,-1.2295465594217,2.75649654293962
1.25199152121751,-2.31945790015294,0.364436495117843,-1.23792972861074,2.75649654293962
-0.697410697068327,2.31231570441094,0.364664287306368,-1.24631289779977,2.75649654293962
-1.6741053550961,2.4799125301982,0.365208740578964,-1.2546960669888,2.75649654293962
-0.0428301147504566,2.67690521314597,0.367362891556695,-1.26307923617783,2.75649654293962
-1.56038400578878,-0.654437719893131,0.368017643690109,-1.27146240536686,2.75649654293962
-0.687114975080595,-2.53429690654874,0.368386444170028,-1.2798455745559,2.75649654293962
-1.09263923065681,2.13068518133448,0.369706319412217,-1.28822874374493,2.75649654293962
0.680795753413941,1.54254316616067,0.370625010691583,-1.29661191293396,2.75649654293962
-1.38491785859156,-2.42927233692027,0.370707609457895,-1.30499508212299,2.75649654293962
-2.21197988788919,-0.737863084201559,0.371200330089778,-1.31337825131202,2.75649654293962
-0.548682542944136,2.22348612897253,0.371845389483497,-1.32176142050106,2.75649654293962
-0.727515568506133,1.9899335888804,0.372188197914511,-1.33014458969009,2.75649654293962
2.00427946571455,1.24756915522531,0.372290570754558,-1.33852775887912,2.75649654293962
2.93258669490378,1.51838323575874,0.373029207345098,-1.34691092806815,2.75649654293962
2.93339373258018,-2.58565787171777,0.374353462597355,-1.35529409725719,2.75649654293962
-2.16091693227829,2.09719804352945,0.374667556257918,-1.36367726644622,2.75649654293962
-2.07793088851086,-2.90458013744873,0.375643054256216,-1.37206043563525,2.75649654293962
-0.821413233218481,2.23474727317503,0.375648794230074,-1.38044360482428,2.75649654293962
-2.23613148577605,-3.04945208888765,0.375958011951298,-1.38882677401331,2.75649654293962
-0.722714875146243,-3.01867761212663,0.377350328257307,-1.39720994320235,2.75649654293962
2.64259010448696,2.9551646820038,0.377793247811496,-1.40559311239138,2.75649654293962
-2.33876758878323,2.69130667518161,0.379201695555821,-1.41397628158041,2.75649654293962
-1.8820007922842,0.823061598084113,0.379300570115447,-1.42235945076944,2.75649654293962
-2.09175423726341,1.45661381833015,0.379593188874424,-1.43074261995847,2.75649654293962
-1.08872043821822,-2.50854934326202,0.379852204117924,-1.43912578914751,2.75649654293962
-2.3348320334031,-2.45548962434089,0.380170593271032,-1.44750895833654,2.75649654293962
-2.0391796420757,-2.1246880579869,0.38023320492357,-1.45589212752557,2.75649654293962
-2.78564980733724,2.81956922722707,0.380269634537399,-1.4642752967146,2.75649654293962
2.42514267465723,2.83620970239992,0.380436383420601,-1.47265846590363,2.75649654293962
2.92102207962401,2.22444324528516,0.381613454315811,-1.48104163509267,2.75649654293962
1.0183262231058,3.02724344850546,0.382019515847787,-1.4894248042817,2.75649654293962
-1.15134131624428,1.05073242999304,0.382477594772354,-1.49780797347073,2.75649654293962
-1.07088276871262,-2.21856761759889,0.382768164854497,-1.50619114265976,2.75649654293962
-0.179732150391469,-1.3571720162884,0.383543046889827,-1.5145743118488,2.75649654293962
-1.35388284078548,1.83480548314264,0.3842836341355,-1.52295748103783,2.75649654293962
-2.81564068664884,-2.39352836693613,0.384731492958963,-1.53134065022686,2.75649654293962
-1.98250999856655,-2.47117239635263,0.385798030765727,-1.53972381941589,2.75649654293962
0.655820411281294,-2.21031567254827,0.386525815585628,-1.54810698860492,2.75649654293962
-2.06527034205258,0.481708617641203,0.38667226722464,-1.55649015779396,2.75649654293962
-1.62435856895243,-2.80976405872766,0.387079217238352,-1.56487332698299,2.75649654293962
-0.682931371305616,2.60788574226897,0.38778481585905,-1.57325649617202,2.75649654293962
-0.727432568957643,2.10987770805572,0.389232801040635,-1.58163966536105,2.75649654293962
-0.0118150432014827,-0.67023586482305,0.389802918303758,-1.59002283455009,2.75649654293962
-1.84192388172399,-3.03595266620389,0.390834739198908,-1.59840600373912,2.75649654293962
-1.04249865696551,-2.91084855461963,0.391277812654153,-1.60678917292815,2.75649654293962
-0.959258842257676,0.14421850535935,0.392331070266664,-1.61517234211718,2.75649654293962
-1.49042617354678,-1.56272681580284,0.392331109847873,-1.62355551130621,2.75649654293962
-2.5159838131013,-2.95256119579299,0.392481345450506,-1.63193868049525,2.75649654293962
2.39122001123462,-2.82121271911104,0.39373201970011,-1.64032184968428,2.75649654293962
0.496296274010312,2.89240776401213,0.394947859924287,-1.64870501887331,2.75649654293962
-2.47432065554967,2.2467309863113,0.395098433364183,-1.65708818806234,2.75649654293962
-1.55240396291482,-3.13423121378741,0.395258408971131,-1.66547135725137,2.75649654293962
-1.915640499598,3.08428442808454,0.396823585266247,-1.67385452644041,2.75649654293962
-0.78411145667725,1.67684983943433,0.397208255017176,-1.68223769562944,2.75649654293962
-1.37359655738374,-1.70285256023671,0.398013373138383,-1.69062086481847,2.75649654293962
-0.748145279966861,2.33624020804915,0.398755213711411,-1.6990040340075,2.75649654293962
-0.561584119983363,0.722901036730007,0.398881496163085,-1.70738720319653,2.75649654293962
3.02674407053058,-2.60721205111585,0.399307936662808,-1.71577037238557,2.75649654293962
-2.17468274420043,2.95832159127156,0.399617965798825,-1.7241535415746,2.75649654293962
-1.00756505205091,-0.553330253324889,0.400047495029867,-1.73253671076363,2.75649654293962
0.326771940550795,1.07851770520778,0.400903329951689,-1.74091987995266,2.75649654293962
2.63203781656045,1.91797790567838,0.402475542854518,-1.74930304914169,2.75649654293962
-2.69866179243236,1.55176305382573,0.403304925188422,-1.75768621833073,2.75649654293962
-2.69412751351225,-2.97038168183894,0.40405614557676,-1.76606938751976,2.75649654293962
-2.66820935552042,1.57995422747264,0.404251543572173,-1.77445255670879,2.75649654293962
-1.04089852879895,2.0581067770138,0.404694868251681,-1.78283572589782,2.75649654293962
-2.08478447214874,2.83201042902597,0.406868915772066,-1.79121889508686,2.75649654293962
-2.47382233292554,-1.38261767324143,0.406878340989351,-1.79960206427589,2.75649654293962
-0.779993315878384,1.40934874797227,0.407069587614387,-1.80798523346492,2.75649654293962
-2.0068237496484,0.912320240000599,0.407952497480437,-1.81636840265395,2.75649654293962
-2.17477928795922,2.05486516304065,0.408146937843412,-1.82475157184298,2.75649654293962
0.310606081389917,2.73807120387983,0.408406123286113,-1.83313474103202,2.75649654293962
-0.585924650562811,-2.87506144736328,0.409723395248875,-1.84151791022105,2.75649654293962
-0.941867685222181,2.13170447240311,0.409748459933326,-1.84990107941008,2.75649654293962
-1.95471813981787,2.53094208140372,0.409820384345949,-1.85828424859911,2.75649654293962
-1.34656271193449,2.71289038724261,0.410168574424461,-1.86666741778815,2.75649654293962
-2.39623141821948,2.44164210158092,0.410711185773835,-1.87505058697718,2.75649654293962
-1.6930244544607,2.42952357526447,0.410761031089351,-1.88343375616621,2.75649654293962
0.238511147617729,1.00247542217957,0.415096501586959,-1.89181692535524,2.75649654293962
-2.05431535726983,-2.04694173718606,0.415424332255498,-1.90020009454427,2.75649654293962
-2.90881287595233,2.36952917021616,0.416867812396958,-1.90858326373331,2.75649654293962
-2.98965738507293,-2.81793563634484,0.417234156979248,-1.91696643292234,2.75649654293962
-2.38776961960613,-2.23130127098504,0.418738181702793,-1.92534960211137,2.75649654293962
0.172678505240494,1.22793778116454,0.41907533025369,-1.9337327713004,2.75649654293962
-1.5760230108554,-2.93271193935205,0.419600527500734,-1.94211594048944,2.75649654293962
-2.21952368730831,-2.99993630165577,0.421518672024831,-1.95049910967847,2.75649654293962
2.9761573473981,2.38811721440325,0.423043928807601,-1.9588822788675,2.75649654293962
-2.47182445620565,2.03822433876278,0.423175503965467,-1.96726544805653,2.75649654293962
-1.30551560933918,1.41007586837045,0.423381343716756,-1.97564861724556,2.75649654293962
-0.385808878378268,-2.49847113520883,0.423737886361778,-1.9840317864346,2.75649654293962
-1.2951275492899,2.4211496659673,0.424116096459329,-1.99241495562363,2.75649654293962
-2.05627344968981,3.01168837289335,0.424475155305117,-2.00079812481266,2.75649654293962
-2.71797203857692,-2.76374033373447,0.424564363667741,-2.00918129400169,2.75649654293962
-0.176824121154192,2.80449016125176,0.424814643105492,-2.01756446319072,2.75649654293962
-1.55632497942735,1.07744502522625,0.425495977280661,-2.02594763237976,2.75649654293962
2.35941268525728,3.10195984984831,0.426068637752905,-2.03433080156879,2.75649654293962
-2.30206849343201,2.50589746533568,0.42662686877884,-2.04271397075782,2.75649654293962
2.8924935142197,-1.82887184146908,0.426720997318625,-2.05109713994685,2.75649654293962
-1.74380077104154,-2.78790996313974,0.427164128981531,-2.05948030913589,2.75649654293962
-0.449204033882652,2.87581187445992,0.428393298992887,-2.06786347832492,2.75649654293962
-2.03204256652016,1.70656336823276,0.428679902106524,-2.07624664751395,2.75649654293962
3.0049572927153,-1.2543086937179,0.429073336534202,-2.08462981670298,2.75649654293962
-2.30062396714188,-1.54206332091006,0.429137198952958,-2.09301298589201,2.75649654293962
1.86023727559533,-2.39003882087483,0.430103243561462,-2.10139615508104,2.75649654293962
-2.31737677615145,2.14046346844538,0.430202454095706,-2.10977932427008,2.75649654293962
0.957034570579706,-3.08205493990331,0.430208211531863,-2.11816249345911,2.75649654293962
-1.50996222120013,2.40730023307623,0.430661054793745,-2.12654566264814,2.75649654293962
1.945253800128,-1.31261319117265,0.4307293407619,-2.13492883183717,2.75649654293962
-2.70515670214394,1.04864361166292,0.431483819382265,-2.14331200102621,2.75649654293962
-0.228329840282364,-2.60762080557346,0.433409044984728,-2.15169517021524,2.75649654293962
1.7098135931321,0.826880739798121,0.433546498883516,-2.16007833940427,2.75649654293962
-2.34724056927281,-3.00626978210193,0.433548526605591,-2.1684615085933,2.75649654293962
-2.53598816436116,-1.41649223518277,0.433611192042008,-2.17684467778233,2.75649654293962
-0.18531415000945,-2.12126783871594,0.433785160537809,-2.18522784697137,2.75649654293962
-0.972202258875321,-2.73172308769016,0.434410762740299,-2.1936110161604,2.75649654293962
2.58308803008689,-2.16202798042352,0.436008034972474,-2.20199418534943,2.75649654293962
-1.70570158115362,1.06462086227888,0.436250391183421,-2.21037735453846,2.75649654293962
2.76444736948002,1.9818599230083,0.437251867726445,-2.21876052372749,2.75649654293962
-2.6782798148877,-2.18721090807953,0.43788588186726,-2.22714369291653,2.75649654293962
-2.9239545733548,-2.77472087248648,0.438057515304536,-2.23552686210556,2.75649654293962
-0.565777681679904,2.46758783525865,0.438116932986304,-2.24391003129459,2.75649654293962
-0.589223355936124,1.78229747442416,0.439395086839795,-2.25229320048362,2.75649654293962
-1.5667956479754,-1.67061173207655,0.44062844873406,-2.26067636967266,2.75649654293962
3.0327412941423,2.99687293241653,0.440656884340569,-2.26905953886169,2.75649654293962
2.36814074292174,2.27680325505146,0.44079605024308,-2.27744270805072,2.75649654293962
-0.99539739805806,-0.878986027699781,0.441079924814403,-2.28582587723975,2.75649654293962
-2.31266260247562,1.02684614755428,0.441137455170974,-2.29420904642878,2.75649654293962
-3.11086704600987,2.07977226090426,0.443123546428978,-2.30259221561782,2.75649654293962
3.05768589019743,-0.89041174577048,0.443166681565344,-2.31097538480685,2.75649654293962
-0.443866428206234,-2.84640710786334,0.443715847097337,-2.31935855399588,2.75649654293962
-0.684634727482972,0.486563959683831,0.44374982197769,-2.32774172318491,2.75649654293962
3.03165263379815,2.41470979134532,0.444672879995778,-2.33612489237395,2.75649654293962
-0.798555285856606,0.974360200491398,0.444800851168111,-2.34450806156298,2.75649654293962
0.331038181142294,2.49542462872645,0.447189976694062,-2.35289123075201,2.75649654293962
2.95054008757981,2.77929054352163,0.447701626457274,-2.36127439994104,2.75649654293962
1.58929292588026,2.75633051210321,0.45100246486254,-2.36965756913007,2.75649654293962
-1.53296313135556,2.95448078624326,0.451584045076743,-2.37804073831911,2.75649654293962
-0.93915745203957,-2.39177415336754,0.451659862650558,-2.38642390750814,2.75649654293962
-2.87467730657532,-1.5960601071514,0.453500264324248,-2.39480707669717,2.75649654293962
-3.05324681703806,-2.95056869380555,0.4536944613792,-2.4031902458862,2.75649654293962
-1.28732380602828,1.70452265866153,0.453715084819123,-2.41157341507524,2.75649654293962
0.0601933070298877,1.96972529377473,0.453942684922367,-2.41995658426427,2.75649654293962
-2.44292700361199,2.86544615078882,0.454443369992077,-2.4283397534533,2.75649654293962
1.76746730925383,1.28667155472243,0.454866960644722,-2.43672292264233,2.75649654293962
-2.86783140947,1.76738058190157,0.459895040141419,-2.44510609183136,2.75649654293962
-2.72492053186746,3.04485029212876,0.461201417958364,-2.45348926102039,2.75649654293962
-0.70402893822297,2.68325897709965,0.462566376198083,-2.46187243020943,2.75649654293962
-2.97603814538973,1.92471706850877,0.463132520439103,-2.47025559939846,2.75649654293962
-2.68781057149039,3.126291495806,0.464248047210276,-2.47863876858749,2.75649654293962
-2.33684078706976,2.75013411546473,0.464736800407991,-2.48702193777652,2.75649654293962
2.57797389428447,-3.02008086369876,0.465526914456859,-2.49540510696556,2.75649654293962
-2.66104098735238,-2.67839428125856,0.465756590943784,-2.50378827615459,2.75649654293962
-2.08959060653585,1.85243701050489,0.466537495143712,-2.51217144534362,2.75649654293962
-2.32769962229813,2.30948074992949,0.467310626059771,-2.52055461453265,2.75649654293962
-2.59206047431519,-2.80875538251368,0.469487190945074,-2.52893778372168,2.75649654293962
2.89742029273651,-2.21315118305863,0.46977549418807,-2.53732095291072,2.75649654293962
-2.68338577204658,1.43593277014123,0.470758722629398,-2.54570412209975,2.75649654293962
-1.64020540787177,-1.20001856890012,0.472379599930719,-2.55408729128878,2.75649654293962
-0.689146274553755,1.07270556355446,0.472421230748296,-2.56247046047781,2.75649654293962
2.87224094229096,2.22313331464376,0.472460916265845,-2.57085362966685,2.75649654293962
-0.478840771541268,1.51547398464231,0.472594066988677,-2.57923679885588,2.75649654293962
2.70834129614376,-2.3773788800173,0.474000438814983,-2.58761996804491,2.75649654293962
2.8780459508039,-2.35666996049432,0.474959192564711,-2.59600313723394,2.75649654293962
-0.329298474456401,-0.711537675178235,0.475134275155142,-2.60438630642297,2.75649654293962
-2.27562338638975,2.00325329919389,0.475215651327744,-2.61276947561201,2.75649654293962
-2.60143380925942,-1.2709266752005,0.475344790145755,-2.62115264480104,2.75649654293962
-1.31594735618874,3.07914496194476,0.476944317109883,-2.62953581399007,2.75649654293962
0.180319308471049,2.78784662889957,0.477059049764648,-2.6379189831791,2.75649654293962
2.95133658309814,-1.31098132681105,0.47855351283215,-2.64630215236813,2.75649654293962
-2.8444067970244,2.12890043765436,0.478631340665743,-2.65468532155717,2.75649654293962
2.5024181459019,-2.55210266453986,0.479252728633583,-2.6630684907462,2.75649654293962
-2.8380127496683,2.42540185220866,0.479786199517548,-2.67145165993523,2.75649654293962
2.33017917886682,-2.86895144691498,0.480356018058956,-2.67983482912426,2.75649654293962
-2.66973573025319,-1.88350676794758,0.48056009481661,-2.68821799831329,2.75649654293962
3.04387735524432,-3.11127332225764,0.481189975515008,-2.69660116750233,2.75649654293962
-3.04941191619184,2.10696928493017,0.482191800372675,-2.70498433669136,2.75649654293962
-1.84249223356624,2.94200064756105,0.482474202755839,-2.71336750588039,2.75649654293962
-2.4208779590599,2.70199073388993,0.482480901759118,-2.72175067506942,2.75649654293962
-0.678922780470753,3.05669722411113,0.483254362363368,-2.73013384425846,2.75649654293962
-2.5053512730219,3.01209366486226,0.483667088206857,-2.73851701344749,2.75649654293962
-0.913299137964243,-1.89343933488062,0.483996893744916,-2.74690018263652,2.75649654293962
2.21983152617666,1.96762062244423,0.484064076794311,-2.75528335182555,2.75649654293962
-2.38782800211374,-2.49484587336843,0.487738304305822,-2.76366652101458,2.75649654293962
-1.08409115783474,2.37584796403468,0.488521483028308,-2.77204969020362,2.75649654293962
2.82057290973464,-1.61138347493071,0.48890603822656,-2.78043285939265,2.75649654293962
-2.35541284371263,2.58533368221398,0.489252038998529,-2.78881602858168,2.75649654293962
-2.02510447269341,2.01444275766505,0.489754410460591,-2.79719919777071,2.75649654293962
-2.13277200304234,-1.59165860876786,0.490977587876841,-2.80558236695974,2.75649654293962
-0.606245172129808,3.02401758065084,0.492248261114582,-2.81396553614878,2.75649654293962
-2.99005579756403,3.11080886958042,0.492484083632007,-2.82234870533781,2.75649654293962
-2.94484759608563,2.28221623434387,0.492624384351075,-2.83073187452684,2.75649654293962
2.58850537689099,-1.83731211171298,0.493893063860014,-2.83911504371587,2.75649654293962
2.69315424389253,1.93638531870584,0.494039934361354,-2.84749821290491,2.75649654293962
2.25006151965054,3.07488182961637,0.494469823781401,-2.85588138209394,2.75649654293962
1.48590919297783,2.68846637678381,0.494808137882501,-2.86426455128297,2.75649654293962
2.68862049440049,-2.69034883742797,0.495473841903731,-2.872647720472,2.75649654293962
-1.60456931473146,1.76515132085059,0.495957941748202,-2.88103088966103,2.75649654293962
-1.5773451769939,-2.6100479071395,0.496130706509575,-2.88941405885007,2.75649654293962
-1.16277377912802,1.72342188844965,0.496368546737358,-2.8977972280391,2.75649654293962
2.72337314943697,-2.13727667661391,0.497002638876438,-2.90618039722813,2.75649654293962
-2.51168588149392,2.66560963312014,0.497247443068773,-2.91456356641716,2.75649654293962
0.599243742308131,-2.44120192573125,0.499868145445362,-2.92294673560619,2.75649654293962
-2.54751999282809,-1.26060820146825,0.500051904702559,-2.93132990479523,2.75649654293962
-2.86437378404986,-3.09416052465362,0.500233744038269,-2.93971307398426,2.75649654293962
-1.68300497460618,-2.69496596243753,0.500710198655725,-2.94809624317329,2.75649654293962
-1.64679311415001,2.59603726152452,0.502251664176583,-2.95647941236232,2.75649654293962
-2.69020964247627,2.21916885183406,0.502615957055241,-2.96486258155135,2.75649654293962
-0.377863223206631,2.09450867072326,0.502854943508282,-2.97324575074039,2.75649654293962
-3.05899660690094,2.64593104483991,0.503489441238344,-2.98162891992942,2.75649654293962
1.85682752776216,2.16675517321427,0.503593406639993,-2.99001208911845,2.75649654293962
2.68446108851629,-0.207278927505968,0.504326736554503,-2.99839525830748,2.75649654293962
1.67534880013775,1.80713196502286,0.504944660002366,-3.00677842749652,2.75649654293962
-2.72290086402158,2.97838955252811,0.50739667727612,-3.01516159668555,2.75649654293962
-3.06595764917623,3.08006560457508,0.507750652730465,-3.02354476587458,2.75649654293962
-1.81001824964542,3.09997466462255,0.510424065636471,-3.03192793506361,2.75649654293962
-2.05739136827983,1.99426305178689,0.510679181432351,-3.04031110425264,2.75649654293962
-2.98766220648491,-1.96416510125404,0.51088761142455,-3.04869427344168,2.75649654293962
-1.1305803757584,2.70850620302957,0.512596223969012,-3.05707744263071,2.75649654293962
-2.08702163662724,2.80140621059823,0.512948018033057,-3.06546061181974,2.75649654293962
-1.08826709609562,0.132770444128525,0.51330906082876,-3.07384378100877,2.75649654293962
2.54148217963874,1.74889712035275,0.513642415869981,-3.0822269501978,2.75649654293962
-2.8380641717592,2.69714041824281,0.514061507070437,-3.09061011938684,2.75649654293962
-2.08609356448519,2.01213262886438,0.514363502152264,-3.09899328857587,2.75649654293962
-2.54903032880773,-0.929019808210036,0.514595994027331,-3.1073764577649,2.75649654293962
-0.486936779668926,1.42404387997613,0.514674149919301,-3.11575962695393,2.75649654293962
-1.55038268136172,-0.612885365148866,0.51507255109027,-3.12414279614297,2.75649654293962
2.07290008545605,2.77660775495102,0.515279210638255,-3.132525965332,2.75649654293962
-2.62834604190053,-2.38327515684016,0.517672553658485,-3.14090913452103,2.75649654293962
-2.80253835668909,2.88173813296019,0.518869416089728,3.13389300346952,2.75649654293962
2.24198151838248,-2.15833741198341,0.518899633781984,3.12550983428049,2.75649654293962
2.58658363099832,2.79429850210288,0.519211341626942,3.11712666509146,2.75649654293962
-2.13770100737754,2.6695853800519,0.520476442296058,3.10874349590243,2.75649654293962
1.80547606374178,2.75319183984048,0.520872115390375,3.1003603267134,2.75649654293962
2.64767265591768,-2.93944844172557,0.521071750903502,3.09197715752436,2.75649654293962
1.79058600613295,-2.60728168686854,0.521169464336708,3.08359398833533,2.75649654293962
-2.97948681674676,2.0684862340266,0.521178905619308,3.0752108191463,2.75649654293962
2.15202564584959,-2.08076489553819,0.522948289755732,3.06682764995727,2.75649654293962
-2.14261142651523,1.52815835358442,0.523214076180011,3.05844448076823,2.75649654293962
-1.98844121684083,-2.20521200236262,0.52371314750053,3.0500613115792,2.75649654293962
0.7931242112797,-2.83896912010419,0.523893176345155,3.04167814239017,2.75649654293962
2.40752636282185,-1.99486635139088,0.52421362278983,3.03329497320114,2.75649654293962
-2.46741760450106,-2.65228289893054,0.524263658095151,3.02491180401211,2.75649654293962
-2.64445886145265,2.98052328780204,0.524907669052482,3.01652863482307,2.75649654293962
1.78046832905448,1.9821886535844,0.524926628917456,3.00814546563404,2.75649654293962
2.91122664953231,0.738224199700627,0.52617508196272,2.99976229644501,2.75649654293962
3.11153562129906,2.71328828117381,0.52674620738253,2.99137912725598,2.75649654293962
2.10462584597099,2.7919324544625,0.527208873303607,2.98299595806695,2.75649654293962
2.48952359599608,2.94057597181911,0.527339442167431,2.97461278887791,2.75649654293962
1.75867543983581,-0.708433119433501,0.527578689623624,2.96622961968888,2.75649654293962
-3.02399362640578,2.32858105491392,0.528248157352209,2.95784645049985,2.75649654293962
-2.21203889870316,-2.98524736914403,0.528908634325489,2.94946328131082,2.75649654293962
1.56892667476071,3.0269875921863,0.52966629434377,2.94108011212179,2.75649654293962
-2.86480218109687,2.42019535430103,0.529905151110142,2.93269694293275,2.75649654293962
2.39376730191251,3.07546173861164,0.530879508936778,2.92431377374372,2.75649654293962
-2.50111972450556,0.965441331646813,0.530932863475755,2.91593060455469,2.75649654293962
-2.92829188722912,2.596322388163,0.531820580596104,2.90754743536566,2.75649654293962
-2.52286078081308,2.85746106389831,0.53285965253599,2.89916426617662,2.75649654293962
2.29909770993102,2.6885186654378,0.534686563769355,2.89078109698759,2.75649654293962
1.52447970225735,-2.93309023362504,0.535091327037662,2.88239792779856,2.75649654293962
-1.6220900618877,2.9424282055772,0.535104311304167,2.87401475860953,2.75649654293962
1.81056989590557,-3.04174226506889,0.535240278579295,2.8656315894205,2.75649654293962
2.57881994593913,1.11421906896244,0.536270417971537,2.85724842023146,2.75649654293962
-1.65405303760923,-1.20792574833618,0.536933100549504,2.84886525104243,2.75649654293962
3.13135117540849,-1.58701927992235,0.53701208345592,2.8404820818534,2.75649654293962
1.37483095659407,-1.96828439487309,0.537610611878335,2.83209891266437,2.75649654293962
0.275693404421409,2.60957877770804,0.538578459760174,2.82371574347534,2.75649654293962
1.0294536571862,-3.11131028838431,0.539729682961479,2.8153325742863,2.75649654293962
-1.51657751762253,1.32841962981878,0.540049735689536,2.80694940509727,2.75649654293962
2.79032578146537,2.0293321804091,0.540522339520976,2.79856623590824,2.75649654293962
3.13025312256249,0.869326380923835,0.542101779254153,2.79018306671921,2.75649654293962
3.0341147452032,2.66077762564146,0.54226332437247,2.78179989753017,2.75649654293962
-1.36864717178921,1.21523565933069,0.542285923380405,2.77341672834114,2.75649654293962
-2.85818577644788,1.46108449292008,0.542401670711115,2.76503355915211,2.75649654293962
-1.88261263440184,1.75953234316085,0.542415689909831,2.75665038996308,2.75649654293962
3.06598644767832,-2.55119396353756,0.544278884772211,2.74826722077405,2.75649654293962
2.52854905888125,3.01663273940581,0.545119600137696,2.73988405158502,2.75649654293962
3.01867600508764,2.95301732388883,0.54569060052745,2.73150088239598,2.75649654293962
-1.61731358916415,2.03437110620562,0.545885577332228,2.72311771320695,2.75649654293962
2.68859453323893,2.77184912416866,0.546562779694796,2.71473454401792,2.75649654293962
-2.49775712219587,-3.03886856931972,0.547751359408721,2.70635137482888,2.75649654293962
-2.30788374316109,-0.440944906422946,0.547862534178421,2.69796820563985,2.75649654293962
1.61949434894137,2.90072578553911,0.550934666302055,2.68958503645082,2.75649654293962
-2.50365004204555,-2.58842549162955,0.551523763686419,2.68120186726179,2.75649654293962
1.25510841365266,2.86350438691554,0.551533438730985,2.67281869807276,2.75649654293962
-2.6979041178544,-2.10810119712217,0.553377325646579,2.66443552888373,2.75649654293962
2.2615328029416,2.08846848245446,0.553545491537079,2.65605235969469,2.75649654293962
1.51669461339957,1.11016166402909,0.553881763014942,2.64766919050566,2.75649654293962
2.39990952583365,-2.37662705079622,0.554225354921073,2.63928602131663,2.75649654293962
2.49772398839192,1.85920238712759,0.555035640951246,2.6309028521276,2.75649654293962
-2.628805607415,-2.40052400806617,0.555815098108724,2.62251968293856,2.75649654293962
-0.506180702499249,2.93744295091976,0.556004851125181,2.61413651374953,2.75649654293962
-1.01121992078786,2.94538134862103,0.556364808464423,2.6057533445605,2.75649654293962
-2.28255735059481,-1.04592574790722,0.557705970946699,2.59737017537147,2.75649654293962
0.615179757722021,1.62119983727002,0.558962603565305,2.58898700618244,2.75649654293962
1.79363114389636,2.12269645718271,0.559747193241492,2.5806038369934,2.75649654293962
2.31747088576068,2.68216112254762,0.560027454514056,2.57222066780437,2.75649654293962
-2.77007918481013,1.48910812999766,0.561137004755437,2.56383749861534,2.75649654293962
-2.67279265118055,2.15578932726219,0.561820724746212,2.55545432942631,2.75649654293962
2.738362718411,1.51482173997227,0.562367394799367,2.54707116023727,2.75649654293962
-1.83500688978542,2.10598156819096,0.562396007589996,2.53868799104824,2.75649654293962
0.283913672098084,-2.87564058674987,0.562828058609739,2.53030482185921,2.75649654293962
1.65891203630998,-3.08178207833293,0.563848167425022,2.52192165267018,2.75649654293962
0.399782402122243,1.8814184637534,0.566018184181303,2.51353848348115,2.75649654293962
3.1250375642457,-1.55652977550567,0.567136495141312,2.50515531429211,2.75649654293962
0.575873575077551,1.15649411015183,0.567341082496569,2.49677214510308,2.75649654293962
-1.13773480768168,2.62188064220083,0.567978628678247,2.48838897591405,2.75649654293962
2.43833290099828,3.05130678504618,0.569035457214341,2.48000580672502,2.75649654293962
0.460906149675155,1.99639897315619,0.569256933871657,2.47162263753598,2.75649654293962
1.70308042956226,2.58496327662432,0.569426797097549,2.46323946834695,2.75649654293962
2.1851541881669,-0.24553706208658,0.570816942024976,2.45485629915792,2.75649654293962
-2.64550173329538,2.07902812889993,0.572109825676307,2.44647312996889,2.75649654293962
3.06061325180447,-1.71326654700255,0.57321132067591,2.43808996077986,2.75649654293962
-2.54556524548972,2.92176416583556,0.574082612758502,2.42970679159082,2.75649654293962
-1.27480456934902,-1.90590534968465,0.574905019719154,2.42132362240179,2.75649654293962
3.13252404652787,2.10358082152947,0.575458453036845,2.41294045321276,2.75649654293962
2.28584677934927,2.83283447167518,0.5758274004329,2.40455728402373,2.75649654293962
1.6475288763332,-2.14720715169359,0.576192321488634,2.3961741148347,2.75649654293962
1.10252096104767,-0.701213934179572,0.576555108185858,2.38779094564566,2.75649654293962
1.92157344357481,-2.59278087049117,0.577338183065876,2.37940777645663,2.75649654293962
1.44377241599532,1.68829223631012,0.577458814484999,2.3710246072676,2.75649654293962
-1.37557015126339,0.622413412857938,0.577869176398963,2.36264143807857,2.75649654293962
-2.24440124450482,2.98699602941077,0.578522217459977,2.35425826888953,2.75649654293962
2.20285990186697,-1.98025402593166,0.580407447880134,2.3458750997005,2.75649654293962
1.59663801042194,-2.81098990096371,0.580897268140689,2.33749193051147,2.75649654293962
0.103239366541848,2.3738738083261,0.582248645136133,2.32910876132244,2.75649654293962
2.975126739353,-0.270479915383336,0.58264911128208,2.32072559213341,2.75649654293962
2.34693509662078,1.61913029686711,0.582880618516356,2.31234242294438,2.75649654293962
2.95177096366745,-2.65213076712449,0.584274012828246,2.30395925375534,2.75649654293962
-2.50115583739648,1.68000627846863,0.585305515676737,2.29557608456631,2.75649654293962
1.54089390810343,-2.56247287946101,0.58590483549051,2.28719291537728,2.75649654293962
-1.09068056426357,2.69807783932535,0.586599305039272,2.27880974618824,2.75649654293962
2.69657197471074,-2.29461496944694,0.58683168515563,2.27042657699921,2.75649654293962
-0.0134127332965406,-1.85337806265226,0.587413362460211,2.26204340781018,2.75649654293962
2.32097343624772,2.52268633199126,0.587443389231339,2.25366023862115,2.75649654293962
-3.0924041047136,3.07168122299186,0.58780980668962,2.24527706943212,2.75649654293962
2.49175528171576,2.4123983511458,0.588140404550359,2.23689390024309,2.75649654293962
-3.09212672277338,2.20185542091724,0.588797820964828,2.22851073105405,2.75649654293962
1.02031817706671,1.4110573708167,0.589044949272648,2.22012756186502,2.75649654293962
2.95325438001062,2.44939958183122,0.589384041260928,2.21174439267599,2.75649654293962
2.31482865567087,2.90937447263321,0.590592777123675,2.20336122348696,2.75649654293962
1.51698612855568,-2.82812245844445,0.591731315245852,2.19497805429792,2.75649654293962
1.56576984483097,-2.22646213617985,0.592048085760325,2.18659488510889,2.75649654293962
-2.4666042851132,2.91579232255652,0.592895038193092,2.17821171591986,2.75649654293962
2.45751571371216,-2.124101917385,0.593371388502419,2.16982854673083,2.75649654293962
1.48136778106373,-2.89645716131039,0.593410046072677,2.1614453775418,2.75649654293962
2.42871320555411,0.949414788398196,0.593683626037091,2.15306220835276,2.75649654293962
-2.04059644204798,1.92236706387119,0.593954739160836,2.14467903916373,2.75649654293962
1.7052639707244,2.15610217508704,0.594345323974267,2.1362958699747,2.75649654293962
1.38251433791007,-2.2794382743743,0.594823117600754,2.12791270078567,2.75649654293962
-2.38398890119323,1.60113753299695,0.59498071228154,2.11952953159664,2.75649654293962
1.95056537213527,3.10457812277711,0.595204037614167,2.1111463624076,2.75649654293962
2.73355985167046,1.11959233043712,0.595410874346271,2.10276319321857,2.75649654293962
-3.04212126917366,1.31755143400492,0.595559623790905,2.09438002402954,2.75649654293962
1.90290782648469,2.71222373004316,0.597030019154772,2.08599685484051,2.75649654293962
-2.87644186970352,-0.121798926433144,0.598110809922218,2.07761368565147,2.75649654293962
-0.494369398402359,-2.91832253871281,0.598997959401459,2.06923051646244,2.75649654293962
0.560731722252548,-2.76128720021104,0.599033361067995,2.06084734727341,2.75649654293962
-0.199117986379427,-2.89392457723477,0.599270206876099,2.05246417808438,2.75649654293962
1.14112528658339,-2.2801105232271,0.601180650992319,2.04408100889535,2.75649654293962
1.54179166601963,1.33165706793013,0.601274868939072,2.03569783970631,2.75649654293962
2.03289155133375,-1.61812065990647,0.602247682167217,2.02731467051728,2.75649654293962
2.8223538994384,1.75679714384423,0.60270596947521,2.01893150132825,2.75649654293962
0.943544569834847,2.26524194465405,0.605602011783049,2.01054833213922,2.75649654293962
-1.67150221846324,2.5602101435154,0.606551717501134,2.00216516295019,2.75649654293962
1.44617573492992,2.05355163188814,0.606671578017995,1.99378199376115,2.75649654293962
-0.0360471857558249,-0.449440913223201,0.608090728288516,1.98539882457212,2.75649654293962
1.60140373676217,3.07296673806859,0.608459677780047,1.97701565538309,2.75649654293962
2.30711806011239,0.205376443409325,0.609050551895052,1.96863248619406,2.75649654293962
1.84640582917792,1.86101795261878,0.610433612717316,1.96024931700503,2.75649654293962
1.62375657708184,1.64518751352437,0.61046636570245,1.95186614781599,2.75649654293962
1.28343536416716,2.66332358746255,0.610691559268162,1.94348297862696,2.75649654293962
2.43611200835467,2.60190209412973,0.610766124911606,1.93509980943793,2.75649654293962
2.23419760776904,-1.20405013250509,0.611081190407276,1.9267166402489,2.75649654293962
1.71156519054299,-2.26665966592101,0.6113176275976,1.91833347105986,2.75649654293962
1.19569611354905,1.91848732598503,0.611398391192779,1.90995030187083,2.75649654293962
2.13799853425169,2.39962768106014,0.611633315915242,1.9015671326818,2.75649654293962
2.77048347553136,-1.88553085671127,0.611937721958384,1.89318396349277,2.75649654293962
0.820608891531759,-2.83304435335284,0.612708888947964,1.88480079430374,2.75649654293962
2.42878203592438,2.62174291181868,0.612805673852563,1.8764176251147,2.75649654293962
2.27155085410759,2.81359929815944,0.612958549521863,1.86803445592567,2.75649654293962
-2.85381247798274,2.72394229490905,0.613012172281742,1.85965128673664,2.75649654293962
2.39026166141384,-2.93672336225807,0.613353018183261,1.85126811754761,2.75649654293962
2.86622718802217,-2.2253133481639,0.613427722360939,1.84288494835857,2.75649654293962
2.00188923497484,2.34085031767216,0.61373936291784,1.83450177916954,2.75649654293962
2.70531696374517,0.020459662899039,0.614967307308689,1.82611860998051,2.75649654293962
-2.28155130427571,-2.45467098963151,0.61510831490159,1.81773544079148,2.75649654293962
1.2190198720545,-2.76789529165061,0.616493407869712,1.80935227160245,2.75649654293962
-2.8119968642496,-1.08122232245821,0.61727160285227,1.80096910241341,2.75649654293962
3.11294377023737,2.39267964499446,0.617367653176188,1.79258593322438,2.75649654293962
3.1257523581038,-2.98606726133804,0.617582278093323,1.78420276403535,2.75649654293962
-1.93362642159795,2.35693507918519,0.618444416439161,1.77581959484632,2.75649654293962
1.73502531411937,-2.22776047362212,0.618483178783208,1.76743642565729,2.75649654293962
1.89847197871136,-2.16803565743952,0.622761246282607,1.75905325646825,2.75649654293962
2.40027983840072,-2.19395557548517,0.623020960716531,1.75067008727922,2.75649654293962
1.12035706505385,1.46866487722177,0.6236345351208,1.74228691809019,2.75649654293962
0.657290884838011,1.27139698991092,0.624700461979955,1.73390374890116,2.75649654293962
0.458996321310577,-2.78158119537677,0.625459638191387,1.72552057971212,2.75649654293962
0.38219079749973,2.39262251486504,0.625526027753949,1.71713741052309,2.75649654293962
2.82371082801082,-2.5556930775421,0.627492946805432,1.70875424133406,2.75649654293962
0.686847847136587,2.02660797919837,0.627977661089972,1.70037107214503,2.75649654293962
2.37613451914181,-2.34452409228849,0.628320299554616,1.691987902956,2.75649654293962
2.73304951153178,3.09996153334843,0.629818191286176,1.68360473376697,2.75649654293962
1.17565692810584,-1.44342126873059,0.63006372237578,1.67522156457793,2.75649654293962
-0.035469358634197,1.09057015295985,0.630135715939105,1.6668383953889,2.75649654293962
1.25900984111418,-1.90779031718805,0.63100236421451,1.65845522619987,2.75649654293962
1.84680964746337,1.95457616392365,0.631371170049533,1.65007205701083,2.75649654293962
1.70459992540151,0.90276570401603,0.631446927785873,1.6416888878218,2.75649654293962
-2.97377738939771,2.98546190218518,0.631667270325124,1.63330571863277,2.75649654293962
2.52969150409543,2.30680687234922,0.63450953643769,1.62492254944374,2.75649654293962
3.01707185317154,-2.63922250471794,0.635221999604255,1.61653938025471,2.75649654293962
-2.24347020305556,2.03413653618677,0.635457473807037,1.60815621106568,2.75649654293962
0.92307842031666,-1.5332952737965,0.636836019344628,1.59977304187664,2.75649654293962
0.685401583921767,2.49346123905781,0.636979562696069,1.59138987268761,2.75649654293962
2.45705968447325,1.79444888422576,0.63731145625934,1.58300670349858,2.75649654293962
-3.04119448167934,2.4019315803609,0.637541025178507,1.57462353430954,2.75649654293962
0.466422904648844,0.189323066698477,0.637676912359893,1.56624036512051,2.75649654293962
-2.67979134700498,1.89565883866678,0.637891555903479,1.55785719593148,2.75649654293962
2.52020223134194,2.85917473786302,0.638914001639932,1.54947402674245,2.75649654293962
2.00191753207081,1.68927684069007,0.639394118217751,1.54109085755342,2.75649654293962
1.29482112677655,2.64722458733537,0.640193873550743,1.53270768836439,2.75649654293962
1.49053780084933,2.13135301830414,0.640228860313073,1.52432451917535,2.75649654293962
1.9247315750841,1.05137798604454,0.64159807539545,1.51594134998632,2.75649654293962
-0.105134308974009,-0.377469075417139,0.641822854988277,1.50755818079729,2.75649654293962
-2.96680574834178,1.92363404173624,0.642524789320305,1.49917501160826,2.75649654293962
2.99063013075296,2.06541531984294,0.642896546516567,1.49079184241922,2.75649654293962
1.64428656660995,1.87548932194642,0.64367689890787,1.48240867323019,2.75649654293962
1.50312543722703,2.68109345787248,0.643791857874021,1.47402550404116,2.75649654293962
-2.14355019706256,-1.42440483778747,0.644662922015414,1.46564233485213,2.75649654293962
0.319844742230218,3.07260570541911,0.645269496133551,1.4572591656631,2.75649654293962
0.933294677165353,1.46130800047747,0.649467557435855,1.44887599647407,2.75649654293962
0.295765386175361,0.00889185113206903,0.649558880133554,1.44049282728503,2.75649654293962
2.32928033473329,-2.80396724187688,0.649578268174082,1.432109658096,2.75649654293962
2.60900010585164,1.54280160552112,0.65006133983843,1.42372648890697,2.75649654293962
1.72836040714946,0.422279924883155,0.653974089073017,1.41534331971794,2.75649654293962
1.10911020748654,1.34242934760043,0.655720241134986,1.4069601505289,2.75649654293962
2.6959725024021,1.2734248215727,0.656193025643006,1.39857698133987,2.75649654293962
2.66719401967805,2.35229382041564,0.656241445336491,1.39019381215084,2.75649654293962
-1.19785175223421,1.80468719315964,0.656630478799343,1.38181064296181,2.75649654293962
1.56879478607129,2.66592637000209,0.657420577015728,1.37342747377278,2.75649654293962
2.32012444060562,2.99882474921831,0.658054468221962,1.36504430458374,2.75649654293962
-2.90309945489397,1.27810329185113,0.659014182630926,1.35666113539471,2.75649654293962
1.99744421466374,-1.77283213886429,0.659038543701172,1.34827796620568,2.75649654293962
2.0675491981634,-2.98530557758096,0.660426340065897,1.33989479701665,2.75649654293962
1.92210935431269,0.593004918491248,0.662593792658299,1.33151162782762,2.75649654293962
0.898104064044352,2.10372068276775,0.663483272306621,1.32312845863858,2.75649654293962
2.37702474340622,1.52100698070125,0.663770629558712,1.31474528944955,2.75649654293962
2.7615511241647,-2.85414441024567,0.664623255142942,1.30636212026052,2.75649654293962
2.84719724694149,-1.75224744711106,0.66525565716438,1.29797895107149,2.75649654293962
0.582310932378375,2.98006282436852,0.665577510604635,1.28959578188245,2.75649654293962
0.996954249179909,-2.70625382271707,0.665596171049401,1.28121261269342,2.75649654293962
0.176352106914191,0.92506969933273,0.666031207423657,1.27282944350439,2.75649654293962
0.548302479335154,-0.652041990296409,0.6665433133021,1.26444627431536,2.75649654293962
1.2791740218382,1.90063662860299,0.666583408135921,1.25606310512633,2.75649654293962
0.820550705572797,1.24297164836062,0.668773855082691,1.2476799359373,2.75649654293962
-0.809283637497348,1.59454303460686,0.669684938853607,1.23929676674826,2.75649654293962
1.53515124901312,-2.70573800708441,0.669749388471246,1.23091359755923,2.75649654293962
2.63001057578726,-3.14146720550547,0.669943285174668,1.2225304283702,2.75649654293962
1.64554243907275,-1.13555478941809,0.670010437257588,1.21414725918116,2.75649654293962
2.87649462866646,-2.54973776343872,0.670665231533349,1.20576408999213,2.75649654293962
1.27778455012261,1.11694379278067,0.670738756190985,1.1973809208031,2.75649654293962
2.21039158284695,2.17751943552587,0.671078408369794,1.18899775161407,2.75649654293962
2.96399776460554,1.79282934319465,0.671552623156458,1.18061458242504,2.75649654293962
2.3632726188543,-1.63685417543461,0.671566066797823,1.17223141323601,2.75649654293962
0.117278324050824,2.33890241106597,0.671822857810184,1.16384824404697,2.75649654293962
-2.77262666476046,-1.00261286590425,0.673269392224029,1.15546507485794,2.75649654293962
1.42010612793415,-2.34183935034441,0.674675708636642,1.14708190566891,2.75649654293962
0.147925802016907,2.59737510907978,0.674971505301073,1.13869873647987,2.75649654293962
1.07100893238791,2.72300378651403,0.677281623939052,1.13031556729084,2.75649654293962
1.95480556697165,-2.08725243982528,0.677327399142087,1.12193239810181,2.75649654293962
1.20476291093747,-1.60986121962759,0.678355174837634,1.11354922891278,2.75649654293962
-0.356768478716027,0.913204244093774,0.67848593252711,1.10516605972375,2.75649654293962
-0.0393795990621193,2.36446998284796,0.678638241253793,1.09678289053472,2.75649654293962
-1.61759600281336,2.43074245630002,0.679843086982146,1.08839972134568,2.75649654293962
-2.45811260222282,1.77798910915042,0.679916579974815,1.08001655215665,2.75649654293962
-0.420373670064709,2.51491087976737,0.679989529307932,1.07163338296762,2.75649654293962
0.44208129072635,0.178745326860736,0.681621332420036,1.06325021377858,2.75649654293962
2.74962576778714,2.61051562972324,0.681928673293442,1.05486704458955,2.75649654293962
2.94416481493971,1.69304554511946,0.682441758690402,1.04648387540052,2.75649654293962
1.16905192249029,2.04531373992025,0.682680908124894,1.03810070621149,2.75649654293962
1.79607792015516,-3.00975182331557,0.682978675002232,1.02971753702246,2.75649654293962
-0.0611476409848155,3.04302413953729,0.683212349424139,1.02133436783343,2.75649654293962
1.00868545412078,-1.69926824645512,0.684014494065195,1.01295119864439,2.75649654293962
-0.312633437940697,-2.68610611099487,0.685851371614262,1.00456802945536,2.75649654293962
-0.0804925139953987,2.72579831967599,0.686573995044455,0.996184860266329,2.75649654293962
0.309214436887746,0.450750605170041,0.687055659713224,0.987801691077298,2.75649654293962
-0.574935913369039,0.781142421991062,0.687409177189693,0.979418521888263,2.75649654293962
1.55745425007233,2.3204522065759,0.687946186168119,0.971035352699232,2.75649654293962
0.960655156303071,1.2440925381342,0.688144993735477,0.962652183510201,2.75649654293962
0.76184524693736,1.77418736286728,0.688576539047062,0.95426901432117,2.75649654293962
2.43681685377758,1.96267098220249,0.690513683483005,0.945885845132135,2.75649654293962
-0.122027596389717,2.95754052504309,0.691225792048499,0.937502675943104,2.75649654293962
-2.28303461877747,1.18168304633946,0.692008911864832,0.929119506754073,2.75649654293962
-1.23096805402226,2.56552805133014,0.692374844104052,0.920736337565039,2.75649654293962
1.3097153478096,-2.67227646126011,0.692803989397362,0.912353168376008,2.75649654293962
-0.685376027980139,2.30831942014018,0.694984009023756,0.903969999186977,2.75649654293962
-0.740428909567163,1.25428882232846,0.697174310218543,0.895586829997942,2.75649654293962
2.52320467996561,-2.70705792274116,0.698310718405992,0.887203660808911,2.75649654293962
1.94422081231439,-2.9669309049905,0.698769666720182,0.87882049161988,2.75649654293962
2.31339519163234,-2.77854894684365,0.698941282229498,0.870437322430849,2.75649654293962
1.23658215196164,1.21256325393777,0.699016003636643,0.862054153241814,2.75649654293962
1.83026870384413,2.70338520392944,0.701180103234947,0.853670984052783,2.75649654293962
-0.497348912833683,2.437796553068,0.701799628091976,0.845287814863752,2.75649654293962
0.728002435632343,1.64759237100547,0.702547521330416,0.836904645674718,2.75649654293962
0.590084027745217,1.30409437269587,0.704140692017972,0.828521476485687,2.75649654293962
0.796572657754833,-1.50325547931488,0.704246448120102,0.820138307296656,2.75649654293962
1.22213853673484,-2.66022339721826,0.705989579670131,0.811755138107621,2.75649654293962
0.269860975682974,2.02981333631721,0.706590740941465,0.80337196891859,2.75649654293962
-0.125383386616308,1.9520140187885,0.706985305063426,0.794988799729559,2.75649654293962
-1.77540970204919,-2.97625672414443,0.707207756582648,0.786605630540528,2.75649654293962
0.667050211208286,2.28049762361034,0.708249377086759,0.778222461351493,2.75649654293962
0.904764030100388,-2.87132240812622,0.708269645692781,0.769839292162462,2.75649654293962
0.423748052713904,-2.84218990037768,0.70894895424135,0.761456122973431,2.75649654293962
1.36298208466991,2.57332161763952,0.709368588635698,0.753072953784397,2.75649654293962
0.38554668872734,-2.1490477627151,0.710331539390609,0.744689784595366,2.75649654293962
1.38601790749435,-1.88948911291341,0.712956929346547,0.736306615406335,2.75649654293962
2.49636069948095,2.52021184557077,0.713433014694601,0.7279234462173,2.75649654293962
1.79757501748178,-2.84688325064192,0.714190982049331,0.719540277028269,2.75649654293962
-0.92405716032532,-1.2516462236094,0.714937341399491,0.711157107839238,2.75649654293962
-1.27607112272081,-2.73229958990496,0.717814359813929,0.702773938650203,2.75649654293962
1.02519783524919,2.61174717580993,0.717845128616318,0.694390769461172,2.75649654293962
-0.161898834795304,-3.01169582075791,0.718207482947037,0.686007600272141,2.75649654293962
0.545201916194836,1.38207046489567,0.718279396416619,0.677624431083107,2.75649654293962
1.18324694158127,2.87339521649049,0.719328213250265,0.669241261894076,2.75649654293962
1.50686345179343,2.28616240718235,0.719558462267742,0.660858092705045,2.75649654293962
1.3016530165574,-2.28433420068181,0.719596525188535,0.65247492351601,2.75649654293962
2.46815665459843,2.05754005674583,0.719670423772186,0.644091754326979,2.75649654293962
-0.29275107718793,-1.98863057781922,0.721007478190586,0.635708585137948,2.75649654293962
2.6846108168206,2.96861629663726,0.721240291139111,0.627325415948913,2.75649654293962
-0.188945849023931,2.10505851218859,0.721601626370102,0.618942246759882,2.75649654293962
0.602592659142067,2.89241053823829,0.721623916411772,0.610559077570851,2.75649654293962
1.85577463822127,-2.30048270020057,0.721837394637987,0.602175908381817,2.75649654293962
1.6930259054642,-1.44199902277943,0.722048802766949,0.593792739192786,2.75649654293962
1.07466078407812,2.37827449522295,0.722262369701639,0.585409570003755,2.75649654293962
0.703456687750686,-2.87902004781578,0.72291313088499,0.577026400814724,2.75649654293962
-1.95383107228971,2.47003541742316,0.724312821403146,0.568643231625689,2.75649654293962
1.89925166431657,-1.90702912672025,0.724410624010488,0.560260062436658,2.75649654293962
1.073760784259,1.6685146619903,0.724459131481126,0.551876893247627,2.75649654293962
1.87795231253681,2.08978473521568,0.724633497884497,0.543493724058592,2.75649654293962
1.2201305516853,2.80094766921809,0.725402049953118,0.535110554869561,2.75649654293962
-0.623095688576356,0.0549142641599012,0.725793591467664,0.52672738568053,2.75649654293962
-0.153733950376413,1.13777729748554,0.728902571136132,0.518344216491496,2.75649654293962
1.63518898703706,0.68574780207273,0.729102006182075,0.509961047302465,2.75649654293962
0.899082942112669,2.14733070752727,0.730793252354488,0.501577878113434,2.75649654293962
1.61034855069194,-2.6491133137112,0.731286408379674,0.493194708924403,2.75649654293962
0.737442415206186,-1.68898579963601,0.731596088735387,0.484811539735368,2.75649654293962
1.04371689890667,3.00817194532327,0.731719930423424,0.476428370546337,2.75649654293962
0.951333282236959,1.88955997482578,0.732251618057489,0.468045201357306,2.75649654293962
1.44623793111802,2.93754144957266,0.733948986744508,0.459662032168271,2.75649654293962
0.674885366815394,2.1053746126673,0.73448627605103,0.45127886297924,2.75649654293962
0.555273604046684,2.11498703109161,0.734629633836448,0.442895693790209,2.75649654293962
0.593009904194366,1.62967134393294,0.735108067514375,0.434512524601175,2.75649654293962
0.802488798079292,-2.4463103907964,0.738526883767918,0.426129355412144,2.75649654293962
0.276963704609186,2.38281545357013,0.739597050705925,0.417746186223113,2.75649654293962
2.08777058698736,2.26632656244892,0.740472025005147,0.409363017034082,2.75649654293962
0.209568145035201,1.00318190932629,0.741394549608231,0.400979847845047,2.75649654293962
-0.884730545621105,2.63460858011548,0.741658186307177,0.392596678656016,2.75649654293962
-0.174103381817476,2.49059651048448,0.742213340010494,0.384213509466985,2.75649654293962
0.587115567569906,-2.11892446771238,0.742284405976534,0.37583034027795,2.75649654293962
0.911954607456035,-0.266004996439612,0.742961618350819,0.367447171088919,2.75649654293962
1.23580946406613,-1.03516055793959,0.743274658452719,0.359064001899888,2.75649654293962
-0.935106707741113,2.49116618791164,0.743903234833851,0.350680832710854,2.75649654293962
1.56260197831622,-3.00414574507553,0.744143357733265,0.342297663521823,2.75649654293962
1.55573052958525,2.82627706576082,0.744290583999828,0.333914494332792,2.75649654293962
-0.0735821467807103,1.86098080543147,0.744294134434313,0.325531325143761,2.75649654293962
-1.13210037594413,0.912090723430371,0.745203249156475,0.317148155954726,2.75649654293962
0.592742618922227,2.4846938302948,0.745873927138746,0.308764986765695,2.75649654293962
1.35602393166379,-2.76887373402398,0.746171166421846,0.300381817576664,2.75649654293962
-0.569382404002107,3.07599093974677,0.746720411581919,0.291998648387629,2.75649654293962
1.5613840569887,1.49423410762278,0.746814388548955,0.283615479198598,2.75649654293962
0.191861654914703,1.30348207685731,0.746938150608912,0.275232310009567,2.75649654293962
1.98983747285264,2.44205993206071,0.749373489059508,0.266849140820533,2.75649654293962
1.10692378555673,2.46333845329206,0.750259905820712,0.258465971631502,2.75649654293962
-0.0603391856891555,-1.42580057775524,0.750641416292638,0.250082802442471,2.75649654293962
0.346441531031763,0.785584511150571,0.751747345086187,0.241699633253436,2.75649654293962
-1.79069964075739,-2.95945942064197,0.751767410663888,0.233316464064405,2.75649654293962
-3.12077489006983,2.44154766620193,0.752599959261715,0.224933294875374,2.75649654293962
0.613475805832827,2.21626812041593,0.754195011919364,0.216550125686339,2.75649654293962
0.133060962845649,-0.890191012492689,0.755335591267794,0.208166956497308,2.75649654293962
0.921214285019769,1.58321871951616,0.755515953525901,0.199783787308277,2.75649654293962
0.333724021439183,-2.71250469452617,0.756290608318523,0.191400618119243,2.75649654293962
1.68684906866295,-2.31731954630262,0.756742833415046,0.183017448930212,2.75649654293962
-0.847057962771919,-2.6296311770851,0.75850143795833,0.174634279741181,2.75649654293962
-0.995078005581773,-2.60422582219723,0.758701354498044,0.166251110552146,2.75649654293962
1.60955086526516,-1.3731265162221,0.759213623590767,0.157867941363115,2.75649654293962
0.195898444019356,2.62179239416575,0.759246889967471,0.149484772174084,2.75649654293962
0.123570648921286,1.76472930485125,0.759677350521088,0.141101602985049,2.75649654293962
0.0544852048648998,1.11392242965431,0.7633609585464,0.132718433796018,2.75649654293962
0.554608837625354,1.47220210695641,0.76402491168119,0.124335264606987,2.75649654293962
-0.0170001578380479,1.54559631870176,0.766476582735777,0.115952095417956,2.75649654293962
0.0120020155372202,1.72518357152659,0.766718265367672,0.107568926228922,2.75649654293962
0.990445032026912,-0.719572173354383,0.768213304458186,0.0991857570398906,2.75649654293962
-0.171020836870271,2.85892516521902,0.768365364056081,0.0908025878508596,2.75649654293962
2.4402434380355,-0.812129906619216,0.768579226918519,0.082419418661825,2.75649654293962
-0.806640922778676,-1.10606188588904,0.770858598640189,0.074036249472794,2.75649654293962
-0.194850696814367,-1.62371877817337,0.771572052501142,0.0656530802837629,2.75649654293962
0.107023322883173,2.3476072289152,0.772041738498956,0.0572699110947283,2.75649654293962
-1.05112877988615,2.86699946208007,0.773018888896331,0.0488867419056973,2.75649654293962
-1.20194454900275,-2.93380999411075,0.773995048832148,0.0405035727166663,2.75649654293962
0.509841042240044,-1.1183592971661,0.774681543931365,0.0321204035276352,2.75649654293962
1.16736484579748,1.05954988651241,0.775075995130464,0.0237372343386006,2.75649654293962
1.36419792661634,0.714638088670878,0.775331771466881,0.0153540651495696,2.75649654293962
0.350180285042692,2.80345275067529,0.775785197038203,0.00697089596053857,2.75649654293962
0.498503050593607,0.262862327053368,0.77608438115567,-0.00141227322849602,2.75649654293962
-1.52838078829823,1.78420175592418,0.776135173626244,-0.00979544241752706,2.75649654293962
0.697841988138109,-1.27684385108594,0.776775871636346,-0.0181786116065581,2.75649654293962
0.18723069430256,-2.28933637587793,0.777288687648252,-0.0265617807955927,2.75649654293962
1.20222620867403,2.06275178997398,0.777293412014842,-0.0349449499846237,2.75649654293962
-1.64651725147619,2.36747082263667,0.777499075280502,-0.0433281191736548,2.75649654293962
-0.225019755555786,1.41517967828182,0.778825072338805,-0.0517112883626858,2.75649654293962
0.753411824339025,0.290849918626143,0.779383986257017,-0.0600944575517204,2.75649654293962
-0.755262072850973,2.4188683284471,0.779412589268759,-0.0684776267407514,2.75649654293962
-2.7562381452868,-1.67280587693563,0.780163761461154,-0.0768607959297825,2.75649654293962
-0.495196654132924,2.53926719758538,0.781353513011709,-0.085243965118817,2.75649654293962
0.38204179908149,2.45651721846475,0.781898656627163,-0.0936271343078481,2.75649654293962
-0.374063315703964,2.29768887365252,0.782433773623779,-0.102010303496879,2.75649654293962
-0.908991008960236,2.32149812553578,0.78334872960113,-0.110393472685914,2.75649654293962
0.468241534080422,0.560936308478777,0.783475832082331,-0.118776641874945,2.75649654293962
-0.372566374145975,2.48498002172821,0.783536205068231,-0.127159811063976,2.75649654293962
-1.08869399557714,2.44464066020798,0.784784314688295,-0.135542980253007,2.75649654293962
-2.20453267451042,1.79685950056006,0.785051518119872,-0.143926149442041,2.75649654293962
0.108879038759165,0.997322202329634,0.786949402885512,-0.152309318631072,2.75649654293962
-1.2790357201592,-1.45069002929827,0.787200593389571,-0.160692487820103,2.75649654293962
-0.229092707032198,-2.81342055429351,0.788115072762594,-0.169075657009138,2.75649654293962
2.18647853851111,2.93235160591002,0.788270428776741,-0.177458826198169,2.75649654293962
-0.891539534385879,2.79979137885834,0.788756057387218,-0.1858419953872,2.75649654293962
-1.31796209506175,0.467525592433633,0.789234748343006,-0.194225164576235,2.75649654293962
1.463710757651,-0.791820232659777,0.789464535657316,-0.202608333765266,2.75649654293962
-2.54091205122177,-2.40460574257611,0.791025745216757,-0.210991502954297,2.75649654293962
0.281660055717047,-0.257307608586664,0.791691238991916,-0.219374672143331,2.75649654293962
-1.79730291278758,0.0173380507363952,0.791954309213907,-0.227757841332362,2.75649654293962
-1.9809890616966,-2.67143077758445,0.79211196443066,-0.236141010521393,2.75649654293962
-1.2778199186748,-0.553858381320585,0.792206632904708,-0.244524179710428,2.75649654293962
-1.49214829401544,2.01477647768269,0.792475326918066,-0.252907348899459,2.75649654293962
0.482350573137982,1.37737595287543,0.792581986403093,-0.26129051808849,2.75649654293962
0.970088511954984,-2.91444337476796,0.792618576437235,-0.269673687277525,2.75649654293962
1.34898606540724,-1.54400415197076,0.792999455472454,-0.278056856466556,2.75649654293962
-0.16563415876913,1.19895127418774,0.793499419931322,-0.286440025655587,2.75649654293962
0.87093542593507,1.34903411679386,0.79359423276037,-0.294823194844621,2.75649654293962
1.35766618603696,2.53580266844387,0.793757314793766,-0.303206364033652,2.75649654293962
2.28279049744375,2.37772360058615,0.793892115121707,-0.311589533222683,2.75649654293962
0.574409105393906,2.83102007466513,0.795185200404376,-0.319972702411718,2.75649654293962
-1.33457263766761,1.9972232894112,0.795518644386902,-0.328355871600749,2.75649654293962
-0.742174968865182,1.62137009051768,0.797308065230027,-0.33673904078978,2.75649654293962
-1.29931697486877,-0.310264408812846,0.797570609953254,-0.345122209978815,2.75649654293962
-1.61964424156657,-1.66204426766866,0.79787980299443,-0.353505379167846,2.75649654293962
-0.703570167208976,2.04896188778232,0.799391448963434,-0.361888548356877,2.75649654293962
-0.0510678640688109,1.18828061595838,0.799487003590912,-0.370271717545908,2.75649654293962
-0.701188560743699,-2.5194560733217,0.79984523053281,-0.378654886734942,2.75649654293962
-2.06248342781775,1.64311853548884,0.800143125699833,-0.387038055923973,2.75649654293962
0.0179772303094161,-2.37342490001615,0.800428624264896,-0.395421225113004,2.75649654293962
-2.42792715256914,-2.68599364573737,0.800513948779553,-0.403804394302039,2.75649654293962
-0.566547603782482,-1.09463127861621,0.800538358977064,-0.41218756349107,2.75649654293962
-1.425570599555,2.43747539857995,0.801633569877595,-0.420570732680101,2.75649654293962
0.628976580619133,-2.2022755983859,0.80287020560354,-0.428953901869136,2.75649654293962
1.98414442678468,-2.91812350795347,0.802924791816622,-0.437337071058167,2.75649654293962
-1.36972253661553,-1.33914675853244,0.803827069699764,-0.445720240247198,2.75649654293962
0.48676653136101,-1.8136284420658,0.805064053274691,-0.454103409436229,2.75649654293962
-2.84259180083365,-2.884422494577,0.806008263723925,-0.462486578625263,2.75649654293962
0.474112504610355,-3.02056687413443,0.807256386848167,-0.470869747814294,2.75649654293962
1.69136616076993,0.660504126356282,0.810493382392451,-0.479252917003326,2.75649654293962
-2.17317199296434,2.3951437024573,0.812265525572002,-0.48763608619236,2.75649654293962
-1.02516536109874,-2.71198717230617,0.812844483880326,-0.496019255381391,2.75649654293962
2.18430095794826,-2.38683507029632,0.812881660182029,-0.504402424570422,2.75649654293962
0.692362970537925,-2.02691736526488,0.813829673919827,-0.512785593759457,2.75649654293962
-0.652563167424903,1.50167634730015,0.816001477884129,-0.521168762948488,2.75649654293962
-1.37216707793628,2.91045835893226,0.816008524037898,-0.529551932137519,2.75649654293962
-0.664434543678809,2.84781704954378,0.817258079303429,-0.53793510132655,2.75649654293962
-2.25107896425046,1.72613069215256,0.81869399594143,-0.546318270515584,2.75649654293962
2.54860187434263,-1.27136838382983,0.820883902953938,-0.554701439704615,2.75649654293962
-2.07001131381375,2.54554856952729,0.82100730179809,-0.563084608893647,2.75649654293962
-1.75091836660736,-3.09561774414688,0.821016304660589,-0.571467778082681,2.75649654293962
-0.85436023958253,-2.9901089183614,0.821566231315956,-0.579850947271712,2.75649654293962
-0.645793149822817,1.74049091286438,0.824428724590689,-0.588234116460743,2.75649654293962
-1.87877754032458,2.64677253241274,0.825865047518164,-0.596617285649778,2.75649654293962
1.61015727281991,-2.26277387776853,0.826032247859985,-0.605000454838809,2.75649654293962
-0.816877988063458,2.82079416122292,0.82639896357432,-0.61338362402784,2.75649654293962
-1.62886703413616,0.0377596679765189,0.826582918176427,-0.621766793216871,2.75649654293962
1.11383739872767,3.04297564654854,0.826655057491735,-0.630149962405905,2.75649654293962
0.678374767858951,0.96722034562919,0.828093994874507,-0.638533131594937,2.75649654293962
0.656816126339237,3.07899883604023,0.828287376090884,-0.646916300783968,2.75649654293962
-2.04250081616268,3.09119826248946,0.82848110422492,-0.655299469973002,2.75649654293962
0.556211207144367,-3.03463637589934,0.828655038261786,-0.663682639162033,2.75649654293962
-0.308423769433618,2.77265954536012,0.829962106188759,-0.672065808351064,2.75649654293962
-0.0459983905147467,-1.68862991552728,0.830486999126151,-0.680448977540099,2.75649654293962
-0.808545300884873,1.62380513525572,0.830661765765399,-0.68883214672913,2.75649654293962
-1.85960756144168,2.58319791894013,0.830754761118442,-0.697215315918161,2.75649654293962
-0.0291865491119321,2.90488760253033,0.830859457608312,-0.705598485107195,2.75649654293962
-1.14450315711354,-2.32808476847744,0.83115498512052,-0.713981654296227,2.75649654293962
-1.52785799443244,-2.12077870655275,0.831555380951613,-0.722364823485258,2.75649654293962
0.335279087536769,-2.35994075397678,0.83214296028018,-0.730747992674292,2.75649654293962
-2.13998887429326,2.75025056257959,0.832604377064854,-0.739131161863323,2.75649654293962
-0.588429472488436,-2.28671031370815,0.833300929982215,-0.747514331052354,2.75649654293962
-1.88360782328567,-1.92296219910088,0.833896258845925,-0.755897500241389,2.75649654293962
0.931347668254672,1.81008015117005,0.835058827418834,-0.76428066943042,2.75649654293962
-0.385015106528005,2.99400873743431,0.836983824148774,-0.772663838619451,2.75649654293962
-1.40260502535996,-2.74102122600857,0.837963333819062,-0.781047007808485,2.75649654293962
-0.616646016524406,3.03172695884159,0.838550633518025,-0.789430176997516,2.75649654293962
-0.758705127745346,1.26951582232448,0.839285941096023,-0.797813346186548,2.75649654293962
-0.45602311848692,-2.23101339477203,0.84056209330447,-0.806196515375582,2.75649654293962
-0.485200332692182,2.27583663892469,0.841773404739797,-0.814579684564613,2.75649654293962
0.243428109170766,-2.42184823216782,0.843497582711279,-0.822962853753644,2.75649654293962
-1.75451212430955,-2.87620696010261,0.844196344027296,-0.831346022942675,2.75649654293962
-1.91086467562873,2.1551153124721,0.844325557118282,-0.83972919213171,2.75649654293962
1.74411747192262,2.01881039300131,0.844434176804498,-0.848112361320741,2.75649654293962
-2.28871015828305,3.12980703020609,0.845562925795093,-0.856495530509772,2.75649654293962
-0.83365440666015,-1.79446184086198,0.845815713051707,-0.864878699698806,2.75649654293962
-1.42151956607603,-2.80029652868449,0.847459090640768,-0.873261868887838,2.75649654293962
-1.32068515822565,1.72559378922618,0.848448392236605,-0.881645038076869,2.75649654293962
-0.912916013632664,1.76851777658506,0.84968671714887,-0.890028207265903,2.75649654293962
-0.272986782357773,1.38951265212926,0.850207153707743,-0.898411376454934,2.75649654293962
-0.13559947713734,-2.92969088661215,0.850392777938396,-0.906794545643965,2.75649654293962
0.432178318217503,-2.79710595883792,0.851257072063163,-0.915177714832996,2.75649654293962
-2.43903408551924,-3.04852051140664,0.851563570322469,-0.923560884022031,2.75649654293962
1.08794417856707,2.2085093102452,0.851948622148484,-0.931944053211062,2.75649654293962
-1.53128814503945,2.3764282306128,0.852030566195026,-0.940327222400093,2.75649654293962
-1.22488851714477,2.90708569965668,0.852473866194487,-0.948710391589128,2.75649654293962
0.384664913866168,3.03665846546636,0.853003476047888,-0.957093560778159,2.75649654293962
1.90003279849857,0.617624813102952,0.853681735927239,-0.96547672996719,2.75649654293962
-0.862749457308858,2.65151629573936,0.853855503257364,-0.973859899156224,2.75649654293962
2.64785549238221,-2.7053518229872,0.85389561788179,-0.982243068345255,2.75649654293962
1.35323614929905,1.61468347488557,0.854170454433188,-0.990626237534286,2.75649654293962
0.135813213134629,0.730981590580149,0.854388701263815,-0.999009406723317,2.75649654293962
-1.49446560443704,0.811228147325148,0.854524182388559,-1.00739257591235,2.75649654293962
-2.50739976998338,1.5227229157906,0.856304340530187,-1.01577574510138,2.75649654293962
-1.72149714172899,-1.09719915848832,0.856791933532804,-1.02415891429041,2.75649654293962
0.770947624961829,-1.097234913818,0.857070162892342,-1.03254208347945,2.75649654293962
-2.15949582509386,1.60592253114968,0.858421134296805,-1.04092525266848,2.75649654293962
-1.15727585477392,1.29868597158211,0.858551876852289,-1.04930842185751,2.75649654293962
0.142403045971639,-2.74825656070045,0.859628710430115,-1.05769159104655,2.75649654293962
-0.318766111394677,2.4580381697682,0.860717812553048,-1.06607476023558,2.75649654293962
1.95803883105207,1.6335215180104,0.860720322234556,-1.07445792942461,2.75649654293962
-1.29219026917768,3.0367060736554,0.860736163333058,-1.08284109861364,2.75649654293962
0.219558903238116,0.451688468316075,0.8613284395542,-1.09122426780267,2.75649654293962
0.852444545378644,2.54569162318079,0.861729427240789,-1.0996074369917,2.75649654293962
-1.85399610185817,1.69430521410275,0.861760773463175,-1.10799060618073,2.75649654293962
0.783903323295032,2.3781607013587,0.862095207208768,-1.11637377536977,2.75649654293962
1.49008668415953,-2.96171866701844,0.862219622824341,-1.1247569445588,2.75649654293962
-2.65087406535261,2.27171204314006,0.862739204894751,-1.13314011374783,2.75649654293962
-0.881513521428333,-2.83999253135059,0.862851437879726,-1.14152328293687,2.75649654293962
-0.449004744595403,1.88685527998456,0.863040020922199,-1.1499064521259,2.75649654293962
-1.48895271474518,0.686433933834612,0.863062122371048,-1.15828962131493,2.75649654293962
1.67108622085581,-2.69128596913235,0.863837550394237,-1.16667279050396,2.75649654293962
-1.62446596560736,1.27307151098549,0.864215386565775,-1.17505595969299,2.75649654293962
-0.895293513323226,1.76876359547715,0.864532412961125,-1.18343912888202,2.75649654293962
-0.579682812720529,3.1065577873466,0.865259950514883,-1.19182229807106,2.75649654293962
1.83692885413782,-2.8683692969749,0.866547199664637,-1.20020546726009,2.75649654293962
-0.360751269284902,-1.82651319351483,0.868121242383495,-1.20858863644912,2.75649654293962
-0.748014179471756,-1.8484007401413,0.86892579915002,-1.21697180563816,2.75649654293962
-2.91690321464592,2.92695433887656,0.869237205013633,-1.22535497482719,2.75649654293962
-1.0212991886714,3.01369522494913,0.869523274945095,-1.23373814401622,2.75649654293962
-2.83931206764007,-1.01179553828132,0.870941713219509,-1.24212131320525,2.75649654293962
1.40669224174775,2.50142099350452,0.871776619693264,-1.25050448239428,2.75649654293962
-0.153267846310959,0.512702983505555,0.872334952931851,-1.25888765158331,2.75649654293962
-1.60828240924001,2.73764975533263,0.872338386252522,-1.26727082077235,2.75649654293962
-2.11943211896527,2.35443110186311,0.873121492564678,-1.27565398996138,2.75649654293962
-0.612206292413168,2.73626153853432,0.873616209952161,-1.28403715915041,2.75649654293962
-2.48134220698511,2.24186448403187,0.874616851797327,-1.29242032833944,2.75649654293962
-0.822941770398495,2.3162486995675,0.874750727787614,-1.30080349752848,2.75649654293962
-2.73944258930519,-1.50383064837821,0.875197952846065,-1.30918666671751,2.75649654293962
1.46315309376061,-2.7767631251201,0.877069851616398,-1.31756983590654,2.75649654293962
-2.5888323608944,2.77370661388418,0.877486506011337,-1.32595300509557,2.75649654293962
-0.316074153996755,1.92534566448562,0.877793621970341,-1.3343361742846,2.75649654293962
2.75312229457373,-3.13121221696869,0.879162275930867,-1.34271934347364,2.75649654293962
-1.74586724081001,-1.82935742707418,0.879938794998452,-1.35110251266267,2.75649654293962
0.233582759896489,-1.786326325414,0.880908387945965,-1.3594856818517,2.75649654293962
-0.596368112455192,2.59553399697217,0.882179417414591,-1.36786885104073,2.75649654293962
-0.106243775926913,2.06481623337119,0.883318214910105,-1.37625202022976,2.75649654293962
2.21938462137104,3.00501307858496,0.883757882751524,-1.3846351894188,2.75649654293962
-2.14869368015278,2.53015839096292,0.884063985431567,-1.39301835860783,2.75649654293962
-0.101877470118581,-1.55388858543716,0.884835860459134,-1.40140152779686,2.75649654293962
-0.13860984155602,-2.81205367447842,0.885607735486701,-1.40978469698589,2.75649654293962
-2.78715848650115,1.63627253395816,0.886722383322194,-1.41816786617493,2.75649654293962
-0.346148651171298,1.59260746024166,0.889390435069799,-1.42655103536396,2.75649654293962
0.704138494941416,2.65516696677967,0.889658576110378,-1.43493420455299,2.75649654293962
-1.35858883150562,1.01867186866957,0.889941170578822,-1.44331737374202,2.75649654293962
0.0697480455126307,2.22198370728449,0.889993135817349,-1.45170054293105,2.75649654293962
-1.99039710690941,3.08958730287147,0.890373031143099,-1.46008371212008,2.75649654293962
-1.09981330034512,2.13315849414615,0.891050499631092,-1.46846688130912,2.75649654293962
-1.05184018490298,1.57803918368706,0.892692278139293,-1.47685005049815,2.75649654293962
1.45282509277837,-2.51775111106226,0.892974213231355,-1.48523321968718,2.75649654293962
-1.88136812197668,2.48726677034854,0.894763222895563,-1.49361638887622,2.75649654293962
-1.24254814524033,1.14647733100448,0.895368908066303,-1.50199955806525,2.75649654293962
-1.77128976684393,-3.12007749575032,0.896241185953841,-1.51038272725428,2.75649654293962
2.26846617922797,2.90706934302102,0.89627320994623,-1.51876589644331,2.75649654293962
-0.173367446629122,2.82754243141162,0.896506702760234,-1.52714906563234,2.75649654293962
-1.50741195391609,2.7074149620584,0.898566585732624,-1.53553223482137,2.75649654293962
-2.81291694100663,2.10911663785792,0.898712176363915,-1.54391540401041,2.75649654293962
-2.18983537096571,1.87055641596515,0.89881007373333,-1.55229857319944,2.75649654293962
-0.480098001615072,-1.83368889914419,0.900161492871121,-1.56068174238847,2.75649654293962
0.317039271313874,-2.64174401831536,0.90036808536388,-1.5690649115775,2.75649654293962
-2.0442794236922,-2.78387739481259,0.901829872047529,-1.57744808076654,2.75649654293962
-1.16274779653318,1.73001481112108,0.902051001088694,-1.58583124995557,2.75649654293962
-0.630796227938315,-2.26266037107071,0.902328176889569,-1.5942144191446,2.75649654293962
-1.58864953669252,0.575424141412312,0.903564502252266,-1.60259758833363,2.75649654293962
-0.73851986352812,2.67903591877896,0.904337380779907,-1.61098075752266,2.75649654293962
0.630207168280352,1.59154229359886,0.907199885696173,-1.6193639267117,2.75649654293962
-2.78363256630748,1.87721725948043,0.907556583872065,-1.62774709590073,2.75649654293962
3.11266918533654,-1.35042114341666,0.90849906927906,-1.63613026508976,2.75649654293962
-1.7039520310321,2.51503103150131,0.910625136457384,-1.64451343427879,2.75649654293962
-0.397111486638769,2.78961771224848,0.911528934026137,-1.65289660346783,2.75649654293962
-0.700826867494092,-2.36938440616453,0.912359668174759,-1.66127977265686,2.75649654293962
-1.44508912265172,-1.86423867069876,0.912371499231085,-1.66966294184589,2.75649654293962
-3.04023807102142,2.34166877116737,0.912524228682742,-1.67804611103492,2.75649654293962
0.419651154599025,-1.7684830796979,0.913545897230506,-1.68642928022395,2.75649654293962
-1.42041770237891,-2.68166871666103,0.914235278731212,-1.69481244941299,2.75649654293962
2.60614163749595,-0.631150462408064,0.914626845391467,-1.70319561860202,2.75649654293962
-0.90805023120479,3.08798347747853,0.914650765713304,-1.71157878779105,2.75649654293962
-2.50763376800412,-2.84389025916643,0.914695051498711,-1.71996195698008,2.75649654293962
-1.75507617919406,3.00182353789504,0.915010279044509,-1.72834512616912,2.75649654293962
-2.21208586822822,2.24873107267417,0.915113849099725,-1.73672829535815,2.75649654293962
-1.44447696552838,-1.05282385044234,0.915281767258421,-1.74511146454718,2.75649654293962
0.0961302807538935,1.77006896511929,0.916393430903554,-1.75349463373621,2.75649654293962
-0.56460616207578,1.62077989827859,0.916505760513246,-1.76187780292524,2.75649654293962
2.79223064323064,-1.52590290970375,0.916602675803006,-1.77026097211428,2.75649654293962
-0.405079729669806,1.06163010126495,0.916667837649584,-1.77864414130331,2.75649654293962
-2.54440920540159,3.1047113365102,0.916700744302943,-1.78702731049234,2.75649654293962
-1.55486631736279,1.77980919631999,0.917293783044443,-1.79541047968137,2.75649654293962
0.20777552702441,2.36437041464437,0.91809238307178,-1.8037936488704,2.75649654293962
2.87758244953066,0.944236227130848,0.918167517520487,-1.81217681805944,2.75649654293962
2.99150104221335,1.74052339626436,0.918238800950348,-1.82055998724847,2.75649654293962
2.54505219454417,1.70390030764878,0.918719029286876,-1.8289431564375,2.75649654293962
-2.1165125060239,2.34632102749292,0.918986442498863,-1.83732632562653,2.75649654293962
-1.56319983064957,2.72439366312628,0.919426969252527,-1.84570949481557,2.75649654293962
-1.64751502977159,-2.59446107267429,0.920108674094081,-1.8540926640046,2.75649654293962
-1.77356530586043,2.58601571541945,0.920952684478834,-1.86247583319363,2.75649654293962
-0.0221133541136815,2.62916002005368,0.922650030814111,-1.87085900238266,2.75649654293962
1.81406003566328,1.85871414365116,0.926569435046986,-1.87924217157169,2.75649654293962
-1.93444727582241,-2.68025025052389,0.928072219714522,-1.88762534076072,2.75649654293962
-1.64778846279107,-2.7865588060803,0.928869721014053,-1.89600850994976,2.75649654293962
3.0712747840858,-2.6758117185409,0.928922510938719,-1.90439167913879,2.75649654293962
-1.75065758434394,2.53962623522888,0.929188459413126,-1.91277484832782,2.75649654293962
1.99101520253087,2.73547280953814,0.930018513929099,-1.92115801751685,2.75649654293962
2.54898922617307,2.79365688560042,0.930335541488603,-1.92954118670589,2.75649654293962
-1.68045198427755,2.18754065068466,0.931935052853078,-1.93792435589492,2.75649654293962
1.66778138987369,2.69164558895958,0.931939071277156,-1.94630752508395,2.75649654293962
-1.07070379075611,1.78802243689964,0.932706917868927,-1.95469069427298,2.75649654293962
-1.3793932472328,1.63464881941097,0.932744034565985,-1.96307386346201,2.75649654293962
-2.31186844641123,-2.17410999642128,0.933107686461881,-1.97145703265105,2.75649654293962
-0.826898421604159,2.90774699758514,0.933174955658615,-1.97984020184008,2.75649654293962
2.86687520753294,2.5370965318081,0.933952319435775,-1.98822337102911,2.75649654293962
-0.240818725759695,-2.97431978954637,0.93498363927938,-1.99660654021814,2.75649654293962
-1.90970425708082,2.41325693670055,0.935816078213975,-2.00498970940717,2.75649654293962
-3.05609887224497,2.61364450934234,0.935949150938541,-2.01337287859621,2.75649654293962
-2.62645256985438,-2.82468673375922,0.936026190640405,-2.02175604778524,2.75649654293962
-1.24652980638999,-2.52232594422688,0.936204773606732,-2.03013921697427,2.75649654293962
-0.528133142270223,2.04833582567917,0.937066724523902,-2.0385223861633,2.75649654293962
-0.894867978060073,-2.45022114245597,0.937259543687105,-2.04690555535234,2.75649654293962
-2.69368904181948,1.05925821611654,0.938076570862904,-2.05528872454137,2.75649654293962
3.0643495765765,-0.952100735038027,0.939224286936224,-2.0636718937304,2.75649654293962
-1.68899791632179,-2.7975628917934,0.939326055347919,-2.07205506291943,2.75649654293962
-1.55170577523861,2.86499402033973,0.939354560570791,-2.08043823210846,2.75649654293962
0.955123180986952,1.91992187303543,0.939690976636484,-2.0888214012975,2.75649654293962
3.05362479147364,1.37974565942794,0.941574130672961,-2.09720457048653,2.75649654293962
-0.331525903244769,2.25502395570385,0.942340157227591,-2.10558773967556,2.75649654293962
-1.0241042716197,2.37621137758177,0.944278715644032,-2.11397090886459,2.75649654293962
-2.96698512385344,2.57374082806063,0.945494106505066,-2.12235407805363,2.75649654293962
-2.52998171566591,-1.97775385127706,0.945818617474288,-2.13073724724266,2.75649654293962
3.03091706969837,2.07847071428592,0.946075384970754,-2.13912041643169,2.75649654293962
-1.42785986587857,1.6465374131445,0.946720423875377,-2.14750358562072,2.75649654293962
-1.62156151811427,2.46827828940813,0.947693287860602,-2.15588675480975,2.75649654293962
3.05749172003012,2.47949196469777,0.94785917038098,-2.16426992399879,2.75649654293962
-2.85593288249205,2.66522234441103,0.948287960840389,-2.17265309318782,2.75649654293962
-2.41940692734355,-1.80783820658605,0.949481486110017,-2.18103626237685,2.75649654293962
-1.76727549975201,2.74471385156223,0.94962223386392,-2.18941943156588,2.75649654293962
2.2816208381853,1.39614302375499,0.950169732794166,-2.19780260075492,2.75649654293962
1.53424911134562,-2.08018739167991,0.951037338702008,-2.20618576994395,2.75649654293962
-2.0802597902439,2.94180518534234,0.951836391352117,-2.21456893913298,2.75649654293962
1.9412896145876,3.03967811568481,0.953456369228661,-2.22295210832201,2.75649654293962
2.14198963828852,2.48448172839978,0.953674604650587,-2.23133527751104,2.75649654293962
-2.0325874276979,1.59870994394263,0.953769454266876,-2.23971844670007,2.75649654293962
2.61079905389168,1.07727652964535,0.954653861233965,-2.24810161588911,2.75649654293962
2.56634948991479,1.73083091723152,0.955667099216953,-2.25648478507814,2.75649654293962
-2.39202418033894,-1.90114872287357,0.955696868011728,-2.26486795426717,2.75649654293962
-2.34797348270138,-1.24190967082062,0.955970322247595,-2.27325112345621,2.75649654293962
-0.551805361060188,-0.804238436208902,0.955986411776394,-2.28163429264524,2.75649654293962
-2.21867513406857,-0.448266372609529,0.956048842752352,-2.29001746183427,2.75649654293962
-2.51159218679103,1.12247546162458,0.956137404078618,-2.2984006310233,2.75649654293962
-2.90317562118006,-2.79214344149518,0.956565437139943,-2.30678380021233,2.75649654293962
-1.90782213595283,2.49111715141659,0.957092301920056,-2.31516696940136,2.75649654293962
-1.99832652223741,0.866984712571748,0.957592353457585,-2.3235501385904,2.75649654293962
3.05478503264465,-2.60581597283267,0.959857019828632,-2.33193330777943,2.75649654293962
-2.54831375255836,-1.36956162759816,0.960431178798899,-2.34031647696846,2.75649654293962
2.95786738572461,2.42041610214842,0.960609358968213,-2.34869964615749,2.75649654293962
-2.99181243264855,-1.008660339647,0.961004392243922,-2.35708281534653,2.75649654293962
-1.59097023853292,1.1857475951293,0.961621492402628,-2.36546598453556,2.75649654293962
-2.27086995096443,1.41662098385834,0.961743637686595,-2.37384915372459,2.75649654293962
3.07998786193734,1.49933457885571,0.962386728497222,-2.38223232291362,2.75649654293962
-2.24952956865324,0.0452948558959871,0.963098177686334,-2.39061549210265,2.75649654293962
-2.3522980636093,2.10505738254985,0.963896230095997,-2.39899866129169,2.75649654293962
-0.0151955576953,-2.93390801983031,0.963938779430464,-2.40738183048072,2.75649654293962
-0.425834008981834,-2.51539353640937,0.964939492288977,-2.41576499966975,2.75649654293962
-2.29274880637433,1.81275499186545,0.965863944264129,-2.42414816885878,2.75649654293962
-2.54791490926221,-1.9236887278725,0.967653968604282,-2.43253133804781,2.75649654293962
-1.01455670974353,-2.34680835406515,0.96841127704829,-2.44091450723685,2.75649654293962
-1.65277502076216,2.04061939449121,0.96845051436685,-2.44929767642588,2.75649654293962
-1.37127397019067,-2.66876244645203,0.969736458500847,-2.45768084561491,2.75649654293962
2.68919417508219,-2.60362647222204,0.969824030529708,-2.46606401480394,2.75649654293962
2.35425017497255,-2.59697569773945,0.970569690223783,-2.47444718399298,2.75649654293962
-1.23245010262649,2.59979485549565,0.971720253117383,-2.48283035318201,2.75649654293962
2.61459925225173,-2.21511033758843,0.972215857356787,-2.49121352237104,2.75649654293962
-1.44944244161909,1.26306541111447,0.972297681495547,-2.49959669156007,2.75649654293962
2.71939880944679,-2.45649089536265,0.973638023482636,-2.5079798607491,2.75649654293962
-2.04999311707732,0.335046562920579,0.974278416484594,-2.51636302993813,2.75649654293962
2.86805722109149,1.52015130643014,0.974427981302142,-2.52474619912717,2.75649654293962
2.79161681822067,2.08529710297894,0.974887043703347,-2.5331293683162,2.75649654293962
-2.32469747660189,-2.40885307207881,0.975083195837215,-2.54151253750523,2.75649654293962
2.79016171462442,0.922178820258591,0.975419824477285,-2.54989570669427,2.75649654293962
-2.05381107518249,1.84906602854757,0.977870926028118,-2.5582788758833,2.75649654293962
-0.726956687049473,2.34082940008091,0.978216647636145,-2.56666204507233,2.75649654293962
2.68982445311505,-2.61155431220471,0.978608223609626,-2.57504521426136,2.75649654293962
-2.82914606766711,2.38443737385873,0.978651443030685,-2.58342838345039,2.75649654293962
2.20996877696665,-2.65688207041207,0.978655061451718,-2.59181155263942,2.75649654293962
-1.89609175622207,2.25264303381068,0.979899772908539,-2.60019472182846,2.75649654293962
-1.69186175491133,3.0728082270427,0.979979773517698,-2.60857789101749,2.75649654293962
2.82098973302989,-1.37746175491426,0.980898069683462,-2.61696106020652,2.75649654293962
-2.71406845371161,2.03901473489054,0.981228664983064,-2.62534422939556,2.75649654293962
-1.41291159779377,-1.86946594895089,0.98252187250182,-2.63372739858459,2.75649654293962
0.492843426145775,0.934089666051599,0.983097967226058,-2.64211056777362,2.75649654293962
2.47367582216275,2.67734483010117,0.984293500659987,-2.65049373696265,2.75649654293962
2.91098891551631,1.42686425280667,0.984837919706479,-2.65887690615168,2.75649654293962
-3.05772640713256,3.12410962914432,0.984902251511812,-2.66726007534071,2.75649654293962
-1.79444773020512,2.3258817827987,0.985653827199712,-2.67564324452974,2.75649654293962
1.34461755446242,2.42854160301828,0.986483845859766,-2.68402641371878,2.75649654293962
2.37235456511885,1.13187734622429,0.986739747226238,-2.69240958290781,2.75649654293962
-2.64646416603331,1.68302597625569,0.987854641163722,-2.70079275209684,2.75649654293962
2.85737121197904,1.5831501854101,0.989201832329854,-2.70917592128588,2.75649654293962
-2.24664842519237,-1.28430064186963,0.989563873037696,-2.71755909047491,2.75649654293962
-1.9378713261026,-2.98318394866925,0.990822301013395,-2.72594225966394,2.75649654293962
3.00926233042349,0.65453409798486,0.990845754742622,-2.73432542885297,2.75649654293962
2.18804898099679,-1.10164425847418,0.99219941557385,-2.742708598042,2.75649654293962
1.07036367949145,0.167631799846654,0.992460289038718,-2.75109176723103,2.75649654293962
2.71992012352785,3.0822670117054,0.993086493574083,-2.75947493642007,2.75649654293962
-1.31294961508381,-2.63069462831243,0.993127817288041,-2.7678581056091,2.75649654293962
-2.88919983409837,-2.83405521075634,0.993376647355035,-2.77624127479813,2.75649654293962
-0.243548674911388,3.13132396176649,0.994024903746322,-2.78462444398716,2.75649654293962
1.87543932255481,-0.93134186602267,0.994292344199494,-2.7930076131762,2.75649654293962
-2.72385306372158,2.79483654582104,0.994423239259049,-2.80139078236523,2.75649654293962
3.03939863473895,1.48467066749115,0.995130397379398,-2.80977395155426,2.75649654293962
-2.44907779118918,2.86386568845028,0.995671298820525,-2.81815712074329,2.75649654293962
-0.825234909249442,1.97588447073406,0.996966555947438,-2.82654028993232,2.75649654293962
2.00685680706387,2.92342918066269,0.998222233727574,-2.83492345912136,2.75649654293962
2.24563840379651,-1.39302777448976,0.998603090876713,-2.84330662831039,2.75649654293962
-2.11706389223935,-1.54117550339487,0.99895901652053,-2.85168979749942,2.75649654293962
-1.2116150213277,-2.13925633711631,0.998987667262554,-2.86007296668845,2.75649654293962
-1.76374144027632,0.605950287271658,0.999594717752188,-2.86845613587749,2.75649654293962
