"","t","","",""
"1",-0.157487590968656,1.00879513215564,-0.132141833141857,0.0143580846503412
"2",0.0669578883172018,1.00056411417178,-0.0328115835001338,0.00720739596287697
"3",0.136831619122348,1.02465378974036,0.216024559311495,0.0569980578929296
"4",-0.36417115474358,1.05822984763668,-0.271673255815893,-0.214578779247938
"5",0.286845399978234,1.05579150364492,0.210172209449337,0.265562311979655
"6",0.48933771139153,1.12236789795194,0.410675318566409,0.301754007551584
"7",0.0528451485741018,1.00747195530944,-0.0132948629914897,0.121749691387975
"8",-0.167220527463969,1.02278578888407,-0.0695293643126517,-0.203116807383069
"9",-0.156531355543886,1.00670305298723,-0.111418856334879,-0.0322005488591416
"10",-0.113202902103035,1.00114540688235,-0.0443506229161403,-0.0180318598204592
"11",0.306942002142914,1.03898940983675,0.224240631680734,0.170924348342601
"12",0.309208708750439,1.04640377747949,0.224294741111178,0.211311936797753
"13",-0.055601575028629,1.00356824706985,-0.0278188858836542,-0.0798457019196039
"14",-0.0132662398917452,1.00335122625846,-0.080247554456583,-0.0165533452237967
"15",-0.118444269055326,1.00439709845116,-0.0549596848062073,-0.0761115262172636
"16",0.568640552234302,1.19533650206441,0.462467043446217,0.463630873533776
"17",-0.0483671493930756,1.01154360980453,-0.150080156482505,-0.0263897928481366
"18",-0.206761741260556,1.01018086376312,-0.133285655798546,-0.0519645212770659
"19",0.123244935791814,1.0024369133628,0.022624323158226,-0.0660901299285286
"20",-0.152298211422043,1.00517327453712,-0.0975621395497765,-0.0292393702076177
"21",-0.0289909092923713,1.01163636527829,-0.1525098478572,-0.0122017154548347
"22",-0.046837033580757,1.01465148142239,-0.111654249925293,-0.130579313929394
"23",0.125789844169773,1.00788590251601,0.0379212632669224,0.119983208336641
"24",0.0221558294740656,1.0004086372687,-0.0118785871877327,0.0260065508715872
"25",-0.268717499829387,1.03735953759847,-0.094654723496424,-0.259143384183979
"26",0.173649819759586,1.00229306744067,0.0615805509195572,0.0282706347304776
"27",0.17006129701041,1.00318756221,0.0700493517165815,0.0384496202442139
"28",0.0473905124569694,1.01576918622201,-0.084058266859387,0.157229919069888
"29",0.0774337672398458,1.01578690128848,0.156737879871107,0.0851837181788261
"30",0.247405155723474,1.00594825773313,0.103123382204314,0.0360203453488816
"31",0.141625173239278,1.01105905625498,0.0276673695961623,0.146543276525554
"32",0.441340005534512,1.05040063257919,0.258903129623447,0.190553557809755
"33",0.0869072179762171,1.00254814343763,0.0217150710300157,0.0680531821475243
"34",-0.031582734233348,1.00799546206207,0.118078170953136,0.045960821164111
"35",0.121658221015404,1.0089507077202,0.100144564485618,0.0891773335162619
"36",0.175120558467104,1.00022112001758,0.0210292024567247,0.000248139581137245
"37",-0.110938203806621,1.00482888826856,-0.0853132786755176,-0.0490177435289755
"38",-0.469582749706479,1.12378590403631,-0.353990701357581,-0.370924980909983
"39",0.0673089151577851,1.00040009786067,-0.0250560541128242,-0.0131358270362014
"40",0.143479741472534,1.0323058137714,0.162120401471283,0.198424465661449
"41",0.168944863871495,1.01157728279648,0.127003094367089,0.0846097694778219
"42",-0.0319128284529032,1.00035950652832,0.00811009571224692,-0.0255610768381276
"43",0.177706464351139,1.02622640866445,0.212086128899902,0.0903333591127085
"44",0.181484671882309,1.00600862814223,0.091736338911487,0.0603142107610537
"45",0.101448390687933,1.01606331769276,0.132332653066878,0.121953821150041
"46",0.551919335279077,1.1483843857651,0.443215792544324,0.349780586523026
"47",0.318197256770043,1.04360648289142,0.223596197197559,0.197785822878672
"48",0.297475318253767,1.04887466167308,0.269510369174601,0.165837923308263
"49",-0.255772420373526,1.00002475136778,0.00654644998842359,0.00257824372997184
"50",-0.160120046684697,1.02804095545626,-0.130865229841848,-0.19935520488279
"51",0.0968353167487941,1.00051738297495,0.0154962241782638,0.0281939828910371
"52",-0.141787328419997,1.00680271385186,-0.0804913060703218,-0.0846927049194498
"53",0.173474705607075,1.01568486684058,0.0334371597808477,0.174635921490283
"54",0.0291855882129415,1.00442294065794,-0.0876373541985439,0.0344258314209538
"55",-0.264225079846063,1.06330279194194,-0.347535155468807,-0.0991571634568234
"56",0.412759274898282,1.11544144495884,0.394071869679805,0.298189501255366
"57",0.410590570224389,1.07320877303414,0.213897295962656,0.325614829664294
"58",-0.113864297119964,1.00362812415307,-0.0583611356056581,-0.062156169780895
"59",0.205644347820059,1.02375625262616,0.124239514073589,0.180669333130756
"60",0.191487102473281,1.00530737341201,0.0844237089385292,0.0592920939553758
"61",0.046438995524749,1.00100460457404,0.033693472694515,-0.0295798626806329
"62",0.394173384303566,1.04321913490756,0.173247632878292,0.241436163694135
"63",0.136644768821903,1.00930958453491,0.0229271950504773,0.134833902120915
"64",-0.191834195563995,1.0019551770959,-0.0542130867170197,-0.0312268816550121
"65",-0.0543978293882287,1.00471306748724,0.0791459867293256,-0.0564292545074386
"66",-0.157595818272497,1.01503334143208,-0.138191475722419,-0.105810208658878
"67",-0.457698910224324,1.11435237564326,-0.42753104919229,-0.242895901732229
"68",0.383313338553854,1.09332085569647,0.297551859538865,0.326823169903568
"69",0.28339891571597,1.04522147016606,0.177448589708262,0.24698161815538
"70",-0.0806243614517683,1.00333530110719,0.0227116272421069,-0.0785232986818148
"71",-0.0327504496296785,1.00215029579599,-0.00530572830058152,-0.0653992707236782
"72",0.356086343388315,1.08481942686162,0.322772211847888,0.269539029001716
"73",-0.426234651266448,1.08207296862842,-0.23864992936054,-0.337532399411554
"74",0.344612431263628,1.04796105932752,0.158094090212917,0.270607909172313
"75",-0.112681634747953,1.00360963874154,-0.0640714044890534,-0.055921034519398
"76",-0.387911425461579,1.07059029736666,-0.258652338278627,-0.281536059357646
"77",-0.0541195508784561,1.01179335331858,-0.0259791916596192,-0.151825134349887
"78",0.129279800044199,1.01644965415615,0.180628668470935,0.023306298731597
"79",0.0717237502844136,1.01894369092931,0.195562375216874,-0.00126597163328796
"80",0.102599252495461,1.01352117481824,0.0900762863373072,0.138244111790066
"81",-0.19142871891246,1.02120069856303,-0.162958707467238,-0.127653148830014
"82",0.00395690211620488,1.00030569933025,0.0034366913740214,-0.0244883904123565
"83",-0.260129442971413,1.04556487767208,-0.191713399863382,-0.237596055805355
"84",-0.0411095040385094,1.0002231755937,0.0208860645431683,-0.0031895615114738
"85",0.100939032693555,1.00244014606117,-0.0324983778910663,0.0618878168106671
"86",-0.382961156585465,1.07706977238675,-0.324348638079941,-0.234258949807545
"87",0.113828246475652,1.01714498453926,0.117897398386571,0.143819758820019
"88",-0.183509756784993,1.02168944277245,-0.0192157175033286,-0.20851876096291
"89",0.0910106254157921,1.01249923567132,0.0228767970162578,0.156943793739312
"90",-0.0464449070617,1.0042593190913,-0.0237579619732883,0.0892879567724841
"91",-0.330410016487608,1.04672408432053,-0.221494056799112,-0.215804753189848
"92",-0.265482300286048,1.04306798970092,-0.129021823840637,-0.267103350992759
"93",0.0537870295180178,1.00311283020335,-0.0752632120390619,0.0238914007991521
"94",0.383395341546267,1.06873033316773,0.248064819088565,0.283986567575575
"95",-0.0093594563176546,1.00760162687726,-0.106644597132534,0.0623535755841856
"96",-0.0247368798531809,1.01853223436719,-0.0941727045060316,-0.168936124529511
"97",-0.106086774515949,1.00337241785406,0.0371122831956019,-0.0733408981831127
"98",0.0496357043848487,1.01235024070151,0.0553028004423703,0.147629977008868
"99",0.525833597931821,1.17354252864108,0.454136626168425,0.413475502662073
"100",0.0323766328432375,1.01678938747509,-0.0807602423617116,0.165343405479784
"101",-0.0688291739099265,1.00688862692493,-0.117568245759783,-0.00155390467553548
"102",-0.499417934002581,1.12207610281105,-0.387603290891222,-0.329876445642803
"103",0.109362011771708,1.00752830332393,-0.00294374442666926,0.122900839572179
"104",-0.114869734139787,1.00482052695733,-0.0700805097335937,-0.0689421028855477
"105",-0.165090731007305,1.00296905245527,-0.0709014851519113,0.03032984645965
"106",0.53084032551755,1.10118097413305,0.354575650826219,0.29474674830059
"107",0.0796506074334687,1.00466143763746,0.0935107824008043,0.0245017928031011
"108",0.428946221090821,1.08681230937525,0.287887129580237,0.31349959558444
"109",0.207223248649594,1.0546255680715,0.226743999913019,0.246621668418596
"110",-0.243317114329924,1.04855134322821,-0.148872139531233,-0.278023390125861
"111",-0.0663141217432228,1.00218937937442,-0.0419678113575995,-0.0512079577872527
"112",0.169331702325705,1.03356090538649,0.237502810044681,0.108814338964229
"113",-0.162449235909499,1.01746202011129,-0.18384194110326,-0.0378299228168248
"114",0.388700914315031,1.06095042365621,0.288882135197581,0.205336098677201
"115",-0.0318331728696373,1.00347940822185,0.0830490743052429,0.00858917820983657
"116",0.178531621640768,1.01741971568652,0.0270991958897082,0.185495313821589
"117",0.208740733502008,1.01761204928779,0.137161569772646,0.12930965406031
"118",-0.158241933126111,1.02621297371734,-0.217199441743502,-0.0770549799305417
"119",0.235211263190641,1.02477006648237,0.105776548784293,0.197395569569262
"120",0.381849936180288,1.06127384197128,0.280196314835527,0.218614255722439
"121",0.0903249565480098,1.00338711721852,0.0781025028301313,0.026185989608026
"122",0.157900762188933,1.00849612521929,0.11901661174235,0.0538468263846622
"123",0.38920974164123,1.07972991996996,0.290092783275157,0.28576717300981
"124",0.354060298088765,1.05646895289683,0.211053880118327,0.267549823625298
"125",0.314128945103402,1.05643659152199,0.301160102660978,0.159250948103401
"126",-0.0846827528104536,1.0074978179696,-0.0751965320173164,-0.096939851382577
"127",-0.129829765621563,1.0067066826905,-0.0874582731269647,-0.076219390153477
"128",0.441910584997889,1.12737698081564,0.374311923627194,0.361758815654164
"129",0.515211761566851,1.0019606265379,0.0416864832593895,0.046768945312858
"130",0.13567883559278,1.0064989565559,0.0670783419848792,0.092415613316599
"131",-0.0696114797639667,1.00357897845644,0.0684829618682454,0.0498081311978285
"132",0.0895793702578954,1.01198730995198,-0.0782406441463553,0.13415184347378
"133",-0.273353238685808,1.03146841459645,-0.140015573046457,-0.210529640703104
"134",-0.330175693729266,1.09316901119416,-0.352165754821388,-0.266454063895256
"135",-0.151018943862836,1.01326589513489,-0.0634317903533619,-0.150612689425826
"136",0.12489926617852,1.01298659608141,0.10615359432751,0.121955968496602
"137",-0.216655043243681,1.01445305257031,-0.169375702389532,-0.0206607673930828
"138",-0.0181941283958224,1.00137108458419,-0.0476885209916911,-0.0216761160483819
"139",-0.126244124387098,1.00600403974746,-0.108016254578068,0.0194066157569969
"140",0.24656638708236,1.01745715031244,0.101373391479221,0.157931910081262
"141",-0.0070063932748815,1.00434228343574,0.0674404464489806,-0.0644609065998914
"142",0.0571632522369858,1.00092182369231,0.00108682885962452,0.0429338554822267
"143",0.309487262539441,1.06857699055274,0.251527026345987,0.28034075650231
"144",0.0409277490528788,1.00067881448078,0.0301718779501331,-0.0211600456431188
"145",0.406609817955049,1.11785991741647,0.395402291642817,0.305397810617513
"146",-0.125628090700824,1.03190697165661,-0.184643566498907,-0.175324703062866
"147",0.268185983512978,1.03794709615962,0.204448297620654,0.188507474722345
"148",0.476353535995638,1.17987583901177,0.541048472542144,0.315235698872344
"149",0.0275538083528784,1.00541912802393,0.0863357608533185,-0.0584273856532138
"150",-0.0113038367275759,1.00181420154459,-0.0208315862495799,0.0565485581668732
"151",-0.226687602299997,1.02451112678467,-0.195629899869273,-0.106545723437117
"152",-0.265820892566116,1.04021279066537,-0.0585868062975602,-0.280375170069854
"153",-0.390344247586212,1.09024265868036,-0.285285225878357,-0.327477319370279
"154",0.148850393212235,1.01328102543264,0.163478472516544,0.00363669155805489
"155",0.409532422012099,1.06922661154224,0.330390268733814,0.184628863280061
"156",0.0238928682739459,1.01036870146604,0.109960327536514,-0.0935608853647739
"157",-0.306886635346297,1.0677233018879,-0.250965291997195,-0.277577865845164
"158",0.0704161370684048,1.00810285541571,0.0265367622396952,0.124768454936073
"159",0.232431969047773,1.03614175158135,0.193618437999399,0.190004288995645
"160",0.352401816771008,1.04234958646886,0.148493348894268,0.253855048691118
"161",-0.113107034135506,1.01140316527915,-0.118903681197429,-0.0937991329084482
"162",-0.415308007900207,1.08244018426942,-0.24039537306778,-0.337471209333199
"163",-0.205769128477265,1.0181873412377,-0.0388521207441756,-0.187605902280204
"164",-0.168787079693705,1.01607932404899,-0.110743226053662,-0.141961722457451
"165",0.327693032018697,1.04680764926312,0.138847901414443,0.276636069283424
"166",0.167394699064814,1.02586652372201,0.126333937107922,0.190897513939526
"167",0.0523533400015538,1.00038172761052,-0.0271683718946322,-0.00504782186720137
"168",-0.0044568071163415,1.00125998701777,0.0440663016905007,-0.024077430472173
"169",-0.022898917472365,1.00267545350007,0.048995903525032,-0.05438259362457
"170",-0.338926708898727,1.02640511525701,-0.16144045315087,-0.165663637265966
"171",-0.266183670891928,1.07045507400067,-0.268556924878605,-0.271571801837985
"172",-0.14747444851196,1.00579822050312,-0.0522655095093501,-0.0943312084252604
"173",0.404209454619789,1.07738381042406,0.274734729721063,0.292021751328505
"174",-0.513107451666205,1.09548900148505,-0.25039258303642,-0.370674664274556
"175",0.162816902634772,1.00661889179992,0.0890440462040377,0.0731624983452341
"176",0.249113033397413,1.03386090324289,0.255061615247195,0.061740907684485
"177",-0.0506370203146052,1.00671400916876,0.0887288506845133,0.0748350674006007
"178",0.191922484625487,1.00012412248585,-0.015327326022985,0.00365150038745866
"179",-0.0853047237786359,1.00361838907218,-0.00283202116294843,0.0850990630968759
"180",0.203558650166038,1.02173599763782,0.0982269554436582,0.185191560534563
"181",0.0762873561319261,1.00463198065975,-0.00538871505520838,0.0962100738716093
"182",-0.60905139106122,1.18436017630222,-0.383921939978,-0.5052850395709
"183",-0.353143999430299,1.07586997428431,-0.287426242102622,-0.273646408559107
"184",0.0244970440310979,1.00121639094046,0.0477317373780846,0.0124877033401206
"185",0.0724396399831343,1.00604911243282,0.0545270082288729,0.095716362240025
"186",0.153025822542524,1.00054185954597,-0.032912923331101,0.000867283984874251
"187",-0.221664624743619,1.02152115378748,-0.137207171091814,-0.157097612446159
"188",-0.00514333115848578,1.00126439044987,0.026163197782998,0.042963550420237
"189",-0.184820401078722,1.00963699721825,-0.100295527299257,-0.0964762839025132
"190",0.0659683403197484,1.00213849510879,-0.0618512136780836,0.0213539398110395
"191",0.195356233517999,1.02461626687175,0.118743765904689,0.189046058930002
"192",0.334882518163019,1.05035510632952,0.188207424313688,0.260430057454397
"193",-0.474985352953755,1.08063365946141,-0.310492146586395,-0.26713991253485
"194",0.296460957015794,1.02897405690584,0.116745876237917,0.212504141528337
"195",0.144888271599287,1.00919738709002,0.111611113040547,0.0776036439555085
"196",-0.62021241391791,1.25389889643937,-0.591279545030785,-0.471859027803914
"197",0.308371412270484,1.02188098288419,0.0836658385755595,0.192978679226004
"198",-0.202530014470353,1.00498606972763,-0.0989998539450288,-0.0140010451555651
"199",0.261182411516238,1.03864737542004,0.227261958318852,0.164743354245371
"200",-0.11469540190036,1.00067534090532,-0.0285921209876014,-0.0231004007195744
"201",-0.155526846095807,1.04145739456925,-0.206567654561636,-0.204849478378312
"202",0.0109548532659298,1.0000925272517,-0.000742550851026313,-0.0135835077546655
"203",-0.236193362282313,1.02167293979681,-0.103988870546454,-0.181664280241115
"204",0.0312775884052767,1.0054571627113,0.0431739355797489,0.0952896496688762
"205",0.422062262703094,1.09176597536503,0.283393775350195,0.334127091175679
"206",-0.0705209922633265,1.00040356213048,-0.0223507376334405,-0.0175422817954939
"207",-0.144405855432829,1.00602518492254,-0.0724267610320399,-0.0827105615071745
"208",0.231072190283539,1.03098712081557,0.199973607806455,0.15147606896288
"209",-0.0310985406044177,1.00111736738312,-0.00935941569169737,-0.0463506700493383
"210",-0.269462761142807,1.07543923667379,-0.204227446227811,-0.338911053205362
"211",-0.328010265243407,1.11470036817679,-0.252029816754474,-0.423128682885216
"212",-0.198568592775344,1.02547914772079,-0.216168023867565,-0.0698488931003915
"213",0.342236645793188,1.06459503528807,0.243776962710818,0.271910613274823
"214",-0.125474409167404,1.00076392826269,0.0275876851391512,0.027701258823902
"215",0.151070863180126,1.01139066476456,0.118602162707999,0.094045753619603
"216",-0.237263592568313,1.05832941324208,-0.164655613818087,-0.304876492651555
"217",-0.175317981310941,1.00462941338028,-0.0745560755371994,-0.0610053262371438
"218",-0.117907978631222,1.01142665521387,-0.122237935460938,-0.0896758942601784
"219",-0.396161560810518,1.04931582189457,-0.210224460786458,-0.238472996721472
"220",-0.128447969120624,1.01037354842718,-0.143440928420318,-0.0167154842957683
"221",-0.451809848804714,1.10762827135912,-0.387365496459141,-0.277107126698237
"222",-0.0723628489232369,1.01393783179704,-0.165829150898632,-0.0238876424439298
"223",-0.212790047169597,1.00809641768401,-0.0954069032828188,-0.0845926128767956
"224",-0.0191301942865311,1.01298418419901,-0.142019543748122,-0.077248991132001
"225",0.0540112908359069,1.00485345764088,0.0986007881749675,-0.0028906580765329
"226",-0.378153176649722,1.06405247538713,-0.190412393506442,-0.309759246474798
"227",-0.289451288891282,1.06506085528332,-0.231634734443971,-0.284077410675181
"228",-0.143435157524225,1.01183584114639,-0.103333495870204,-0.11460348188278
"229",0.181714785877193,1.01236934447585,0.0698089515857323,0.141486394798062
"230",0.416405643146896,1.07355714656678,0.268537956245545,0.283570649045477
"231",-0.348103049163844,1.08355504384949,-0.216894952663781,-0.356438090782465
"232",0.384389826183835,1.04729556533611,0.204672775203981,0.234386553076309
"233",0.201982566666203,1.02308395751777,0.133858506321651,0.1696546032843
"234",-0.274571949503768,1.06803112606366,-0.205718904535876,-0.313640269349075
"235",-0.247277772815988,1.02320721058918,-0.167326529072881,-0.137676535655554
"236",0.26423685852518,1.04096035869385,0.222595532346948,0.184525600801627
"237",-0.00108297965228054,1.00401962915714,-0.0558259364697167,0.0702771694800041
"238",0.149827462560701,1.00188377243217,0.0403053059426296,0.0463311534044729
"239",-0.419524841819578,1.06886503736792,-0.291733226784143,-0.239508230542592
"240",-0.0128835464830164,1.00054310083648,0.0245105606001085,-0.02203926157001
"241",0.29447258535436,1.08211112156111,0.352184190923641,0.216635119659093
"242",-0.334421698047026,1.040666598404,-0.222186181242628,-0.183358310143181
"243",0.605691750964982,1.24458822202997,0.609078592044114,0.421927850620561
"244",0.0162979538870109,1.00031039145937,-0.0137177934337206,-0.0208014760271575
"245",0.118780750760741,1.03219735188397,0.111764517479508,0.230087083229074
"246",0.471007740147595,1.16650976051437,0.407485652951507,0.441248755254863
"247",-0.431622302995664,1.04625161721173,-0.190740111837678,-0.241372443030086
"248",-0.388795887814246,1.06721351546935,-0.271108811310924,-0.255821617597163
"249",0.264832487074535,1.02505146691619,0.21287533373001,0.0735839800253792
"250",0.466752930924136,1.10963662507876,0.299537439530839,0.376258902931875
"251",0.0346370833850534,1.00875767894116,0.0135175343362169,0.131944424240759
"252",0.0086078151528903,1.00244781294876,-0.00243534364108098,-0.0699691845536025
"253",0.00183964865189087,1.00199421483464,-0.044794314557563,0.0445631680359949
"254",-0.160569221897084,1.01627905472758,-0.128590231307315,-0.127623154209273
"255",0.016564219395244,1.00337881469879,0.0750693623926932,0.033669520583212
"256",0.189521786779074,1.03503340780067,0.173849430473162,0.202658655841839
"257",0.040485572123073,1.00085698446248,-0.0398603578756974,0.0112185211751853
"258",-0.199418385254224,1.01664606050145,-0.151397869524214,-0.103188649747231
"259",0.169866940073073,1.0378043304316,0.276117161606692,0.0282336913783649
"260",-0.247164264874256,1.02496095116112,-0.0935046127490041,-0.204454979884992
"261",0.648890287186053,1.15831417825163,0.38353751835624,0.441124367442886
"262",-0.0137999771157672,1.00056037669806,-0.00729447115485128,0.0326780983035203
"263",0.203677861178282,1.04202592559607,0.244213807963037,0.161795072899459
"264",-0.197978454347702,1.01015079367941,-0.0520126171585497,-0.133038767385546
"265",-0.117014678403622,1.00052851376468,0.0209227325050149,-0.0248906834112877
"266",0.336595798981759,1.04031977621756,0.208803977205536,0.196637066425704
"267",-0.2434837830069,1.03489841106888,-0.13514528013945,-0.229674714517984
"268",0.312973657296168,1.05550903818692,0.24194512343663,0.23571569090646
"269",-0.0461633405869257,1.00206147863294,0.0626559571820402,0.0141928851764397
"270",0.0487204545909028,1.00271684000844,-0.0224270225326596,0.0702715440048212
"271",-0.135545238393499,1.00025086105849,0.00284399049345502,-0.0222192881595246
"272",0.449943478947186,1.1113587325968,0.363702590247633,0.320684671236908
"273",0.532997062687534,1.13397977533098,0.41240463969367,0.340341804688812
"274",-0.02144108597942,1.00895738212975,-0.130370973879219,0.0315975968057841
"275",0.191604609970799,1.01984590856398,0.119678546448355,0.16050770303854
"276",0.051286452373895,1.00380701437304,0.0378903122091269,0.0786946398760274
"277",0.444449454792141,1.11961680173541,0.358675860474639,0.353402617196035
"278",0.202239907213387,1.02358730053154,0.129295347805773,0.176106998285804
"279",-0.269878538613448,1.04503577636667,-0.213676410739643,-0.215504443990645
"280",0.626450624051695,1.27358938972496,0.599609077959599,0.512346452362491
"281",0.132142657120816,1.00480061986434,-0.00761659908936897,0.0978073264028024
"282",0.236497744601096,1.02383912708644,0.184546607520077,0.119118041479691
"283",-0.0452691624631853,1.01900753113632,-0.157269980089704,-0.116801121035365
"284",-0.682474779167622,1.26736971196802,-0.577835185733577,-0.521854850453783
"285",-0.00722435434658036,1.00416343319764,0.0551526933581594,0.0728174497398373
"286",-0.198891759996999,1.02041772738719,-0.189296971451798,-0.0736138231939143
"287",0.432818029233302,1.10621185054232,0.391870500746027,0.264843668841312
"288",0.0496964957103843,1.00000704275536,0.00256806798304249,-0.00273689370392866
"289",-0.0558542629604212,1.00406953135717,0.0273895721658485,-0.0860548379603064
"290",-0.112680818882713,1.02710706899984,-0.1667815427376,-0.164720515393523
"291",-0.240820919375268,1.03328638961445,-0.127574759599317,-0.226727686169202
"292",-0.0616258258855952,1.00016203662843,0.00877445363214873,-0.0157196843539409
"293",0.136867503269019,1.00797356880561,0.0164056686027549,0.125465411362685
"294",-0.175815232139481,1.02653311163094,-0.160830586812596,-0.167044160688786
"295",-0.094870087913442,1.0019820008755,0.00218293390384356,-0.0629536724746197
"296",0.272933974179453,1.02633379779155,0.148417294931153,0.177012347181031
"297",0.340766746272219,1.05516525414383,0.17013792124376,0.290562904217418
"298",-0.265441902667751,1.01979370110277,-0.186265962436235,-0.0726923933199923
"299",-0.17282985057568,1.00871406667069,-0.067552206347238,-0.113757495212174
"300",0.435804262595987,1.09778167569012,0.324371786795224,0.31608155816544
"301",-0.216255820128318,1.01455213193066,-0.122579324432074,-0.119542200192371
"302",0.187734780278833,1.00946282536546,0.0752009614533362,0.115585514625769
"303",0.370985384723855,1.03788243704829,0.189047873786273,0.203619386479253
"304",0.470781688471579,1.08022581360119,0.312769099445724,0.262798970321944
"305",-0.137200256749208,1.01685038751168,-0.0761926315070885,-0.167867190024371
"306",0.188685261223833,1.0209757344774,0.0637995331201781,0.195757681752999
"307",-0.156207208590115,1.00624020331771,-0.111341679496374,-0.0110624219677446
"308",-0.0809621972738809,1.00114637340091,0.0222304039548134,-0.0424248761199923
"309",-0.0216697346601702,1.00399091410849,-0.0708905176214384,-0.0545187135190817
"310",-0.234698244372937,1.01082669984766,-0.09887389640635,-0.109519723038071
"311",0.081876100503503,1.00176627337351,0.0501531699198471,0.0319425424102709
"312",0.0337051078055136,1.00230946359368,0.0633413606550862,0.0247413184737085
"313",0.177805073752732,1.03399916360855,0.240714979891157,0.105879973551075
"314",0.0893722597541206,1.03466463405061,0.206162686210177,0.167415207701368
"315",-0.0826542269746572,1.00459360562165,-0.085621767268625,-0.0433269595715275
"316",0.317702065293593,1.04234807201917,0.146384449408628,0.255070767069492
"317",0.254971359357229,1.0546431227583,0.239637972002076,0.234191713679431
"318",-0.134218292125283,1.01073479081194,-0.11482910664769,-0.0916465690801121
"319",-0.0293671125628516,1.00413163333642,-0.0904529548751112,-0.00992975433878796
"320",-0.148805891174033,1.02637348990306,-0.229303820279066,-0.0293649243351545
"321",-0.133435779366956,1.00976825746668,-0.11665120875289,-0.0776171970878782
"322",0.133464333975693,1.00799195875463,0.0470388596593712,0.117622848953545
"323",-0.138861286406941,1.00996375077099,-0.130595422465808,-0.0545125077608536
"324",-0.091595972619758,1.00092612984122,-0.00650916339411982,-0.0425528869858094
"325",0.02192972051643,1.00942237302807,0.117107161331597,0.0722456914596279
"326",0.123046235125599,1.03199133402287,0.0794701722040495,0.242261439829277
"327",-0.209592964719119,1.00846971370656,-0.0974044716970988,-0.0867382980972302
"328",0.18039079788286,1.00319504878053,-0.00254091261865133,0.0799615511407688
"329",-0.093185446225786,1.01062784730649,-0.0807340010841843,-0.121863312035585
"330",-0.060779441345526,1.0098569556794,-0.133879090516141,0.0434449082935227
"331",-0.084094798881651,1.00321189448544,-0.00759661004555958,-0.0798523434400776
"332",0.511027176277144,1.12535400342132,0.434747054151935,0.278238444364923
"333",-0.0758149178696077,1.00080157924145,0.0397097152254381,-0.00519033032679489
"334",0.0621425903568116,1.00560816645765,0.0427955608499486,0.0970377473865824
"335",-0.145036792299525,1.00822286013119,-0.110913035619163,-0.0648971048727371
"336",0.247741243051091,1.0212597196175,0.125496039441352,0.164991390677679
"337",0.240269457249254,1.01744331218668,0.069596836398585,0.174204402575593
"338",0.133608842109113,1.02080097015484,0.137546823091848,0.15203779834764
"339",0.0238372344873512,1.01008798585073,0.137280552796191,-0.0378389876179971
"340",0.0150338428396423,1.0016447676648,-0.0258617916517327,-0.0512192182957501
"341",0.23046541364047,1.028671178347,0.14546624096305,0.192364149211555
"342",-0.142353415659698,1.01569118894215,-0.133829684698952,-0.117124748828299
"343",0.166933523525321,1.00568524445099,0.104140283906637,0.0236138132096728
"344",-0.156664843445905,1.01751300126577,-0.183289076928373,-0.0416871925610744
"345",-0.127133647525523,1.00352040265075,-0.0729396807975012,-0.0416293346269016
"346",0.0677335966795287,1.00279244561536,-0.0709639712015751,0.0235966899065227
"347",0.108064015865075,1.00672776582547,0.0783669153021278,0.0857870681977889
"348",0.0824908443314192,1.01810735748919,0.153269542025077,0.114241143468766
"349",-0.0615384361744311,1.01605951993618,-0.150319332081784,-0.0988991731786323
"350",0.466067215901442,1.09349638685561,0.297504917110021,0.327452549786435
"351",-0.208886581395669,1.02148383334233,-0.109168486984392,-0.177514684545498
"352",-0.0290227026254783,1.00934790959602,-0.13095741887495,0.0404148122286098
"353",-0.0691398562502239,1.01031412022076,-0.0459985031885273,-0.136450574281884
"354",0.0586858806061471,1.00675089555692,-0.050750057529494,0.104746347742608
"355",0.187949218762776,1.02536930247149,0.111032533733203,0.197620805847113
"356",-0.315127755459168,1.03355840746871,-0.179562861432656,-0.189737082415069
"357",0.48544864094377,1.12325646043408,0.264419798565206,0.437935207574855
"358",-0.0161214488853161,1.00490744573373,-0.0867829542086595,-0.0480384569892465
"359",-0.108711852383961,1.00572848338435,-0.062344969897882,-0.0871945354882929
"360",0.484119715566004,1.20728393870834,0.472519983168418,0.484003485699893
"361",-0.0788515332739769,1.00843033487001,0.0323527983420413,-0.12603585492025
"362",0.0973832597804762,1.01508005056311,0.171421918542334,-0.0316549347569103
"363",0.195254153874116,1.01072518844171,0.082559780525746,0.121446651621446
"364",0.168928759558906,1.00655977546476,0.0457274088101614,0.105221602664026
"365",0.466572689749654,1.13206604784549,0.399547582088685,0.349192305659192
"366",0.430811572225006,1.15357018403027,0.428276083864636,0.383801726772054
"367",0.137120739774349,1.00255958728479,-0.0249802613022709,0.0670948030917832
"368",-0.100354074644219,1.00649298551592,-0.11156208977252,-0.0241252983057465
"369",-0.178888709634357,1.0031852255189,0.0792807989530541,-0.00975456902073402
"370",0.400996957752033,1.07720708100955,0.117027757152639,0.382987727522608
"371",-0.148204900468871,1.02216218255844,-0.209017664001223,-0.0335729591799317
"372",-0.132448311376433,1.00520221528021,-0.0805060723193292,-0.0628511409916422
"373",-0.153887319392279,1.01815032356106,-0.170362787568756,-0.0872158355994133
"374",-0.544725566282775,1.12611699322274,-0.358589658117691,-0.373567851288161
"375",0.457398125706409,1.09327342786895,0.342608530220296,0.279045127362232
"376",0.210053664792674,1.04644656946564,0.244253759432188,0.18812369268554
"377",-0.27434063217518,1.02409198248526,-0.163764882355175,-0.148139974003581
"378",-0.010229370180578,1.01439174430219,-0.0971514723525436,0.1398291898288
"379",0.464808580512258,1.13217900464017,0.368257490965491,0.382381640374903
"380",-0.105214887978727,1.02931742856193,-0.227911639747986,-0.0868944946975083
"381",0.13775386646633,1.0321893643592,0.243311539087812,0.0788313316072849
"382",-0.626127967016158,1.20743658500373,-0.439985187841868,-0.514116855671188
"383",0.192034173492596,1.04466289171053,0.144079070039686,0.265634671858758
"384",0.288267648065187,1.03902548845501,0.21321887021793,0.184693473198577
"385",0.279507163748126,1.04013946081031,0.24196908682852,0.1527778091024
"386",-0.0786632057092745,1.02216325108628,-0.15067371135846,-0.148711615473515
"387",-0.207789160592273,1.02588101559111,-0.163980480487187,-0.1598194611724
"388",0.0381730286347573,1.00125057882968,-0.0295852605681182,-0.0403414670516703
"389",0.190538054607613,1.01452649077856,0.152557553321661,0.0773963398098782
"390",0.00444727933729391,1.0054328858806,0.0171770937888092,0.102957444894306
"391",-0.0678089320317284,1.00498685990126,0.0520370713799071,-0.0853857820505949
"392",0.359891297946491,1.09431015561715,0.301040138297952,0.326939676118366
"393",0.144362074866432,1.00251966158539,0.0278907046400222,0.0653282516219271
"394",0.140875256586949,1.00707501473966,-0.00125122935748643,0.119157541674819
"395",-0.379592032048911,1.04688476751181,-0.135242037782855,-0.27870649017308
"396",-0.0681583180807466,1.01505504611346,-0.0669451383081779,-0.16079519612633
"397",0.161601979269528,1.02889343822613,0.212831024755059,0.115432500304318
"398",-0.145308700838955,1.01679868867263,-0.182147339340376,-0.0264937739404858
"399",-0.0864528022104074,1.00638584843407,-0.0978465960741123,-0.0569079921019585
"400",-0.168354997616184,1.02759328473073,-0.201770767832351,-0.123436283450345
"401",0.00683249872038419,1.00891938320307,0.0959056566263613,0.0933832256346053
"402",-0.301807854189837,1.03663459088686,-0.152629972028779,-0.226528953252473
"403",-0.210512608656828,1.04693535413446,-0.262229831801375,-0.165254806435613
"404",0.0726647730352528,1.000799271617,0.0202578037617363,-0.0344790292189049
"405",0.539671073698388,1.14617870732786,0.395773064437874,0.39634493890702
"406",0.225869696072684,1.03851178729548,0.183821587346532,0.211462423085175
"407",-0.279280658705175,1.02362577288692,-0.105847979953964,-0.191326757297571
"408",-0.0394249431325748,1.00356347282866,-0.0772955301342546,0.0341327557807478
"409",0.337183225641987,1.04415111411971,0.205090275943266,0.219521132993955
"410",0.0559561492568613,1.00948213280329,0.12183463891717,0.0648883441690764
"411",-0.275130334827871,1.07322476008143,-0.310724885268894,-0.235077500681107
"412",0.22118420976835,1.02001337563636,0.0665029368516248,0.18974890215016
"413",-0.0087624172302225,1.00085455857504,0.0186256994605967,-0.0369178918687528
"414",0.195914552583475,1.02866522190869,0.157966719280382,0.182204978977641
"415",-0.0781874138840621,1.01021825400906,-0.136642618390118,-0.0432402078233813
"416",0.232411208805546,1.02398918633407,0.0684430415451646,0.209450241807361
"417",0.119984155226693,1.00601899645629,0.0879788290718884,0.0658327188110528
"418",0.25671306106779,1.07410705519953,0.242101173842889,0.308371509146532
"419",-0.219759433866779,1.01867021060818,-0.153985224735282,-0.118226682875494
"420",-0.30816630450808,1.03662157709513,-0.238793602728929,-0.132521354486457
"421",-0.00407409265548246,1.00417231833961,-0.0644696871699603,-0.0648514021109231
"422",-0.0315255650707464,1.00266486937379,-0.00359679794849507,-0.0729650828881039
"423",0.288772635375229,1.0451545636301,0.161022958971568,0.257720136118351
"424",-0.25602926837969,1.04173202779427,-0.212455869126075,-0.20017023106905
"425",0.0520525259057281,1.00104206580692,-0.0453196820609198,0.00559856525132181
"426",-0.141927232492371,1.00705687638852,-0.0674407030570968,-0.0980576557570169
"427",0.353712376637619,1.11804823743368,0.401931988305067,0.297460145239143
"428",-0.0706930344373554,1.00886492707777,0.128754806459041,-0.0350804917486747
"429",0.38524127616966,1.15127120479354,0.301840176307918,0.484063936844274
"430",-0.190882965793707,1.01170412571077,-0.135474363517303,-0.0720550817761628
"431",-0.00866102744219572,1.00234167363534,-0.0409105742370903,0.0549104327216569
"432",-0.491270204410446,1.05954878350597,-0.270596198677536,-0.222309068394086
"433",0.477906869305449,1.12729596054174,0.343656470760207,0.390763883641219
"434",0.137231249843605,1.0183435524795,0.00737707872490956,0.192273684070545
"435",-0.122568006992319,1.0118309194145,-0.0790065585371457,-0.132513294394616
"436",0.12746888488638,1.00974039592703,0.0803406589734971,0.114547133017726
"437",0.378538334015273,1.09622024042404,0.261818423900394,0.364897147730222
"438",0.129652728247752,1.01655533037825,0.157079853749286,0.0933309127060444
"439",0.35982146647446,1.09265663023917,0.259206962189013,0.355963849791479
"440",0.0877718055577085,1.0099577491292,0.106426897676696,0.0932092832127565
"441",-0.189579497089316,1.00953796784094,-0.0568244950175292,-0.12624533765024
"442",-0.0792464005672277,1.00034655344889,-0.0243085780141525,-0.0101153364745958
"443",0.088751292994352,1.00969639746961,0.11699595764778,-0.076149595909562
"444",0.139891719608838,1.00327023048642,0.0808365189249937,0.00407585430971795
"445",0.230477837902381,1.01133843137645,0.145393133992495,0.0408198403575805
"446",0.316933155757934,1.05279305675152,0.274314777827215,0.182001711557354
"447",0.139359771048548,1.01349362939449,0.164642147453997,-0.00789304155262276
"448",-0.188679628057124,1.01081923753705,-0.0979741233043134,-0.110256982262921
"449",-0.0762695909157416,1.00539717092675,-0.053413771380287,-0.0892773226214191
"450",0.0207782072622375,1.0001207710701,0.0154182184364262,0.00195838353954698
"451",-0.252014811649273,1.04687059274377,-0.0674290340389767,-0.302310045020433
"452",-0.212989519551114,1.02212251756638,-0.108122822942263,-0.181779801065012
"453",-0.0512030032708658,1.00592213566483,0.0676437995775964,-0.0854614497840833
"454",0.347702338115699,1.05204797339456,0.225500278758277,0.236547167819757
"455",-0.0727050325109975,1.00282139657261,-0.065872364477126,-0.0362158117683149
"456",-0.0229607509395319,1.00079959231157,0.0335691204952334,-0.0217471405058123
"457",0.162484009063863,1.03999030161034,0.110873266114039,0.263224137010211
"458",0.100051869878831,1.00773377059642,0.0899650454617535,0.0862185768587605
"459",0.328279385622695,1.06489161404525,0.308691140946747,0.196733142009421
"460",0.276875301178685,1.04243930910318,0.14956772640755,0.253592603166571
"461",0.199683787734092,1.04993378041901,0.257904003911411,0.18933163505185
"462",-0.0675525382626415,1.01277599265023,-0.152378032071418,0.049961451447057
"463",-0.263329606935258,1.01731734205926,-0.176994458464743,-0.0600627682286241
"464",0.23865000567173,1.02458737025316,0.160946303526141,0.154517205072981
"465",0.14115909435171,1.023965342063,0.139574247803551,0.170364465474074
"466",-0.227010511745634,1.00603462442359,-0.0373851716657207,-0.103479536521144
"467",-0.170990651182968,1.00656374121463,-0.0852548192137296,-0.0768256528043672
"468",-0.262375592404274,1.028887832154,-0.228716405889926,-0.0793660937135462
"469",0.0845527672189312,1.00447608901114,0.0913665964874401,0.0249871655339828
"470",-0.0590981826732146,1.00923374395619,-0.113286452589937,-0.0756236047766021
"471",-0.190088459961762,1.02821815163866,-0.223918390671296,-0.0842206725121294
"472",-0.109908429526954,1.00965832674724,-0.0426934274640484,-0.132616771267449
"473",0.110510885904885,1.01120550106702,0.077556920761956,0.128535946062287
"474",0.0585592326648177,1.00602014840929,-0.0692427943463433,0.0853344856231272
"475",-0.130262454532225,1.00481802078694,-0.0421697272203296,-0.0887748219054174
"476",0.0307363713774825,1.00814429959293,-0.114975961470565,0.0559951523404482
"477",0.436121744935968,1.11979875041876,0.400515302055428,0.30583775806604
"478",-0.103887194273543,1.02298711889194,-0.201048686278953,-0.0779876346887615
"479",0.429821667051525,1.10970266032668,0.382230816904713,0.292129418142818
"480",0.102553009042261,1.00715792422725,0.104629063230147,-0.0584794276761425
"481",-0.22768297585851,1.03017655365901,-0.224469981483637,-0.104292660918596
"482",-0.25864649460219,1.06467788606592,-0.319902830763484,-0.176638557363096
"483",0.0983649843055679,1.00937514244911,0.108117375008436,0.0845506440865315
"484",0.524016720397802,1.1758465412791,0.398593076708145,0.473010198450688
"485",-0.0335709101978471,1.00879128257975,-0.0578511354979786,0.119637360094976
"486",0.00852191357751609,1.00444528279752,-0.0874795018140459,0.0354635432035292
"487",0.409684725016931,1.08973856522213,0.329245244145778,0.281296480141086
"488",0.120157964423052,1.0007683500916,0.0300134678751033,0.0252286006581195
"489",0.179152116235302,1.01340203913902,0.127212725024079,0.103926009848702
"490",0.111062846338357,1.00745984562158,0.0825154461092561,0.0903689199517948
"491",0.319164058400371,1.06948303593714,0.258459622278592,0.277475382347571
"492",-0.137602460360899,1.01137026024634,0.00433222803208616,-0.151165588382497
"493",0.142111063042466,1.01972416984833,0.188057358760281,0.0668716112336338
"494",0.0575996498416256,1.00863323062678,0.106136798557721,0.0779485337676927
"495",-0.779608232452411,1.29002012322063,-0.601699920093218,-0.54964454374986
"496",-0.0435728101698183,1.00623576385105,-0.0287635657616743,-0.108088249766491
"497",-0.314975359890271,1.03229903326967,-0.18149255327666,-0.180836244139891
"498",0.22845545613518,1.0193788408786,0.100993368739318,0.170098679306134
"499",-0.394504829015128,1.08396769122146,-0.272989233443911,-0.316958726075943
"500",-0.360064526922656,1.05164331654355,-0.23363230515807,-0.226648651479008
