"","t","","",""
"1",-0.372417504948327,1.06892848225179,-0.110887864739313,-0.360987508956577
"2",-0.134564133234442,1.01922181159738,-0.0112104455067146,-0.196691197432392
"3",0.0747676963185818,1.01937903767455,-0.0564959033122892,0.189583320361312
"4",0.707137510268427,1.33257767062228,0.500355904696212,0.724849789181688
"5",-0.137601414257393,1.00189074002942,-0.0546291522371809,-0.0282968316697662
"6",-0.0223277068687905,1.00329118934294,-0.0808579273183853,0.00743008768117467
"7",0.00106256547102081,1.0183903671168,0.179519216516344,0.0699413378314379
"8",-0.261114615450214,1.02211476125364,-0.141168715571294,-0.157448337293672
"9",0.367566179054635,1.12438388764612,0.448899348663763,0.250456586192992
"10",0.0241481382357468,1.0040870583463,-0.0882220221567632,-0.0201914720886558
"11",0.0817356172196729,1.01087043592956,-0.0344270854461163,0.143783914344072
"12",0.170170627630321,1.00881244727363,0.132768963302704,-0.00865772243305633
"13",0.0599199227731527,1.00773295404279,-0.0292446386399702,0.121121665174429
"14",-0.595692269444349,1.14929174981746,-0.339041744597025,-0.453786537503127
"15",0.0746892575608998,1.00418756253277,0.0131966331691708,-0.0906559960427207
"16",-0.392559036894496,1.00796718160202,-0.0906191182414942,-0.0882383963808475
"17",0.497895407490099,1.03255324936007,0.241809745829698,0.0877169287298973
"18",0.113103252359683,1.03119490069615,0.219376770297079,0.123437254813008
"19",0.0361237700441941,1.06565959403346,0.179328404844136,0.32167016270028
"20",-0.0639929811569148,1.00694181222355,0.116881890732465,0.0164449634492074
"21",-0.0641235655334883,1.06379250023709,0.358667398983041,0.0548833350609181
"22",0.216121188913108,1.05223763229531,0.292166449299442,0.147793101064267
"23",-0.0434236879040038,1.05456165436775,-0.309497798251386,0.127716074714112
"24",-0.214076982063833,1.0291658532353,-0.240715388861526,-0.0351916897973479
"25",-0.0533549867174266,1.01468400945113,-0.155844963568309,0.0727735279220304
"26",-0.392283942115351,1.03482668883811,-0.130980868382101,-0.231754801567319
"27",0.131127314530128,1.02690204065415,0.233375039632878,0.00799324564925761
"28",-0.51711476560269,1.24228348006044,-0.344374768800907,-0.651670364098601
"29",-0.19097193198527,1.06258258453033,-0.201009493076114,-0.297786723411973
"30",0.0268792903353055,1.05648578103602,-0.29395825781784,0.172484051993184
"31",0.110589822786316,1.03716556356353,0.0621229056779729,0.268054380363742
"32",0.373298955369672,1.0503927394856,0.149800769055018,0.284402244637028
"33",-0.157193146446702,1.00482809063846,-0.082293610842906,-0.053918951682854
"34",0.300094828206014,1.08454411772569,0.363779367742072,0.209524497132391
"35",-0.146645507296597,1.00001088027674,0.00229287747508965,-0.00406243581501625
"36",-0.562439997000085,1.1808135586055,-0.465516718701029,-0.421443762317606
"37",-0.200273288504423,1.00781857388327,-0.034465199565659,-0.120459237433263
"38",0.306729285404164,1.03726625607192,0.275524978752232,-0.00269667740819462
"39",-0.216133158827494,1.01200587076967,-0.148794993573594,-0.0448991354006063
"40",0.31187196494059,1.03502553237837,0.173926437500779,0.202552331542767
"41",-0.0603678060286067,1.00000869791526,0.00235196150157422,0.00344444237398894
"42",-0.28670570185154,1.02357770691839,-0.0089016699460817,-0.218247754564574
"43",0.320662209503449,1.11746234777229,0.155170998506404,0.473966306725786
"44",0.126579234251833,1.01949734987377,0.18276340580556,0.0772812001588465
"45",0.139292607919015,1.00622063447976,-0.0435386543300139,0.102880274260859
"46",0.0864091735570582,1.01267534702477,0.1559003002321,-0.034734059067145
"47",0.0177088243619803,1.0166636468761,-0.0311967654785449,0.18064255507241
"48",-0.200635455490275,1.09065747043103,-0.263355979916776,-0.346666043403585
"49",-0.0782066307863035,1.01095337534864,-0.0978805724925792,0.111562182917558
"50",-0.35635207974445,1.0859783640978,-0.393826003755724,-0.155724391327516
"51",0.506664276751559,1.05154586728595,0.2985638622335,0.128873314438581
"52",0.142338565268163,1.01491166769335,0.143429255958451,-0.0973331482861935
"53",-0.152043847985712,1.03394063875797,-0.226691835047554,-0.132830931631193
"54",0.0842754296895807,1.00783508658608,0.0696903449360937,-0.104282393416437
"55",0.013641379307989,1.00979146549276,0.110118653864804,0.0869061899580193
"56",0.46751004778272,1.07512713792849,0.172643283241038,0.355095282230072
"57",-0.228032019405587,1.07245102199373,-0.295654327505481,-0.250478967585447
"58",0.254463310895451,1.04363647678541,0.251089584653504,0.161651217612465
"59",0.122772142510335,1.02887392082046,0.0432280969100363,0.238144654741625
"60",0.128900935634199,1.08166437068711,0.185316429097661,0.368314582823471
"61",0.0125338871147834,1.03803419980038,0.254951900726815,0.111868352410305
"62",-0.273441200770916,1.10056884372805,-0.0442694249212989,-0.457484423562191
"63",-0.0281978255760624,1.02413968639378,-0.0384150369609257,-0.217684133969458
"64",-0.311797303481749,1.01485956813731,-0.172568265485062,-0.012654516479373
"65",-0.084644316396732,1.00893901178688,-0.131439070028633,0.0261093924764947
"66",0.204993262724718,1.04035345354639,0.27885571749627,0.0676372465845655
"67",0.133734086124218,1.00770176629801,0.119558025977302,-0.0341866673506313
"68",-0.0970333686459122,1.02024851745277,-0.188713432510602,-0.0727617877366598
"69",-0.139314457201383,1.03696309938814,-0.207488917084238,-0.179557285510436
"70",-0.00377374524451198,1.03422350609694,-0.263179870682655,0.0188312567534404
"71",-0.385455137649788,1.13926615064858,-0.010365820559465,-0.545728789581191
"72",0.230920311347735,1.03085312179221,0.21906033708269,0.121122778311745
"73",-0.0825783829248347,1.01613406996962,-0.106056820674,-0.145878027617402
"74",0.207990614152477,1.03865363229729,0.21832265827916,0.176455616987063
"75",0.106466192770438,1.01728382322031,-0.0937028815210579,0.161512064504118
"76",-0.311466613166389,1.07105191746885,-0.300309678912759,-0.238676154370344
"77",0.156348887581297,1.04685637635153,-0.00323383070003882,0.309673723533109
"78",0.0785019713471664,1.0557022937216,-0.0436052761982866,0.335568045047066
"79",-0.168585675750116,1.03473339748223,-0.240211064800953,-0.113894021846278
"80",-0.148096486865931,1.06068046155279,-0.121402838357535,-0.332121050760983
"81",-0.524212586764468,1.0334399147399,-0.144579803910733,-0.21701322005525
"82",0.104346867543984,1.06419994302574,0.210765890674748,-0.296815191767654
"83",-0.177080956502783,1.02795730823397,-0.207393748128708,-0.116978890355255
"84",-0.227695594772752,1.03915125517718,-0.277562376368806,-0.0528626367182923
"85",-0.288243392629022,1.01303117060486,0.154079650215692,-0.0499160696214708
"86",-0.0540263657387331,1.0193629515705,-0.109254215568499,0.164816089672822
"87",-0.393996896917252,1.06418962594286,-0.311055143927491,-0.189061517503301
"88",0.268674618110073,1.01148237531232,-0.150108594791228,0.0237487965432143
"89",-0.448905567153977,1.12082192091849,-0.463968980805103,-0.202421746020764
"90",-0.0803988147519351,1.01123461517079,-0.15031001629838,0.00153163964381674
"91",0.00648507034042064,1.00233643827208,-0.00541679376003079,-0.0681835305136907
"92",-0.0663636285590112,1.0604315558963,-0.168492986514168,-0.310040639652575
"93",0.244931639978774,1.01510048505317,0.025594491885805,-0.172551200344394
"94",-0.0990732636006175,1.00808418086196,-0.0937015967560847,0.0863349666675504
"95",0.0817601145433566,1.00999718185836,0.0141819909169434,0.141043179542505
"96",0.181447378644953,1.0380384516274,0.265310004207249,0.0844655475596928
"97",-0.151400188750346,1.07936926954848,-0.351589934372949,0.203525276300631
"98",-0.0527128708026962,1.02854214753658,-0.204340863904706,0.127058099300395
"99",0.294046791363933,1.11711292298832,0.159878492578725,0.471571999082068
"100",-0.0352317857435592,1.02171957912583,-0.0653456979044332,0.199100070654032
"101",0.360764699653819,1.06899940693719,0.339452739683701,0.165926398000135
"102",-0.00945003833999542,1.00846011547402,-0.128729505367106,-0.0205065587025721
"103",-0.000486743421844521,1.00048855994589,-0.00203666938844539,0.0311963228665884
"104",0.475278573008842,1.22973466091392,0.527150230066595,0.484107396342799
"105",0.39526823844384,1.11392239141976,0.297367797540382,0.390378645794439
"106",-0.0856510211036832,1.01826086206682,0.0658905292545992,-0.180315338703115
"107",0.132835750606392,1.04634867099293,0.290587924070395,0.102000978785109
"108",0.0537187602818458,1.00195957808169,-0.0285074589848907,-0.0557702509574825
"109",0.50521246241305,1.27176775103741,0.518059672476935,0.590768472696242
"110",0.117785626047,1.02059699670461,0.145509180520756,0.142987090559449
"111",0.246373138110851,1.1038625522106,0.339350058600994,0.321487281086508
"112",-0.0367313179923847,1.01685963383824,0.0666000855538413,-0.171953317891372
"113",0.155217263902306,1.00678870697722,0.0978109609686803,-0.0636907874911631
"114",0.0431068762338722,1.02636375031354,0.125995331512674,-0.193772351987273
"115",0.482418210535066,1.09426037780923,0.369034645841821,0.24742514951312
"116",-0.219321372365831,1.01105567380091,0.136901935677101,-0.0590883705383829
"117",0.140112835380137,1.06077805552897,-0.194066634223852,0.295953078329753
"118",0.197462374794562,1.04076773301839,0.273101554751021,0.0928063299824238
"119",0.310057252364591,1.12807839368689,0.365493512637519,0.372793984022113
"120",0.194624356174233,1.00106148923634,0.0219544139338016,0.0405229433888284
"121",-0.181155565087289,1.05692796034493,-0.106217173862346,-0.325291600468853
"122",-0.464143343138203,1.09287265158065,-0.268705039320213,-0.349525727832499
"123",0.0103176601865384,1.05268459502314,0.185160456686002,0.271772812986979
"124",0.00797628532773896,1.00637828052518,-0.0257144406822231,-0.110163564998661
"125",0.252344756023614,1.03377189342284,0.257189523471331,0.050377342602001
"126",-0.249844373297483,1.06617821829702,-0.0805167493695406,-0.360905868949186
"127",0.406061779969511,1.02832650245441,0.195363473637544,0.138883076068985
"128",-0.337823722322183,1.06221634977118,-0.316187545623121,-0.168312238752966
"129",-0.114299245293996,1.00800298130911,-0.101418718377029,-0.0760542825278265
"130",-0.362918961511545,1.1183885506923,-0.288614521254,-0.409261051702888
"131",-0.0605347853450216,1.01618235459968,-0.165013213571532,0.0734657549240086
"132",0.0169819193699371,1.00023798612425,0.0216146654654447,0.0029723934332446
"133",0.131176435903401,1.02351499310637,0.147076124501213,0.161094862473121
"134",-0.029978540629142,1.00170862229464,-0.00982001844325882,0.0576518101814937
"135",0.723241365597822,1.22812877417784,0.477741080185998,0.529210493344828
"136",0.186249062774926,1.04599441713161,0.275560371166794,0.134799119110288
"137",0.15828145705774,1.05074054734277,-0.0530192451416419,0.318189656454764
"138",-0.509101087937203,1.15169392858414,-0.484485377101998,-0.302775204585688
"139",-0.212204070662298,1.14889732524384,-0.488879676841468,-0.284537740069436
"140",-0.135903160936845,1.04562036722452,-0.284872294549098,0.110316490848288
"141",-0.0532460319497915,1.00332038493512,-0.0461519864895713,0.0672442485973097
"142",0.0518728241348317,1.01034489174913,-0.139714439294755,0.0357305994367667
"143",-0.137444936886038,1.00262905915756,-0.0359846676892419,-0.0630089990277163
"144",0.458481132248266,1.06574924961946,0.365605038432432,0.0464157186442985
"145",-0.0973888359249682,1.0264664959607,0.133422220431901,0.189293366034991
"146",0.378247805491669,1.0730574632432,0.326304555925426,0.212079362985258
"147",-0.325792400761843,1.02680703801698,-0.153179859631752,-0.175694689516761
"148",0.0886536111036896,1.00755110444979,-0.0651447567886227,-0.104476737798111
"149",0.110372824085189,1.02567653990809,0.175521619171382,0.145617738346943
"150",0.107143039373612,1.02304069205753,0.209125393952542,0.0536547035192454
"151",-0.135750880443806,1.06234015267848,-0.351005178549154,-0.0732254370052465
"152",0.403492787629489,1.09709589055071,0.364118035900197,0.266528514413452
"153",-0.0526006621920239,1.00756220832472,-0.0255978439030334,-0.120525325271116
"154",0.326172090695274,1.06250273653624,0.230137240507768,0.275588308312372
"155",0.161692722718171,1.00977947279434,0.0370161920021229,-0.135219766330525
"156",-0.168895452683523,1.02550738254944,-0.206253333395106,-0.0955246257611281
"157",-0.0190054380581415,1.00646689983215,-0.08214950831709,-0.0789118415765907
"158",-0.0761204020858421,1.02112355683108,-0.0400628237399412,-0.202702462908892
"159",0.192334429463052,1.02811642128945,0.116244146253179,0.208592123980983
"160",0.404996694112636,1.06873463663958,0.27653287587247,0.256365543930618
"161",0.411808140474115,1.2094153467011,0.516233129633552,0.44293209039861
"162",0.0581838151754213,1.03132247492416,-0.194507541438693,-0.160601567885172
"163",-0.0655947868789541,1.01775003220949,-0.0862010466206246,-0.168477024023808
"164",0.364559874531863,1.09522647456535,0.248094928913924,0.371443046557666
"165",-0.174071227925053,1.03060712160583,-0.185341427240053,0.166732103847057
"166",0.309116033082356,1.01933128378775,0.126627138966937,0.151663554572072
"167",0.278766337411332,1.06009334444716,0.0931779534600937,0.339287146721106
"168",0.563842027518694,1.16067941447997,0.403687998349069,0.429200073609598
"169",-0.0695211382776044,1.00762516362089,-0.123629323306298,0.00492552340817798
"170",0.166915092912911,1.01155562091501,0.0599406881822618,0.140185192174487
"171",-0.168201628417107,1.01110441437741,-0.132098017577774,0.0698731030190287
"172",0.110457463630969,1.00016539976139,0.0113566260769221,0.0142075305384684
"173",0.350394317789369,1.19683047874468,0.527174438409681,0.393052549081752
"174",-0.07400811570207,1.00915702956546,-0.014033372085089,0.134910988393453
"175",0.35563834802847,1.19093985478331,0.350376280964445,0.543667361029533
"176",-0.17684626178452,1.02723236573808,-0.224133422898743,-0.0705020706046258
"177",-0.169557519698795,1.00085128259783,-0.0122067654260944,-0.0394244182653093
"178",-0.233978545115563,1.00147326532497,0.0467845034666291,-0.0275664904557307
"179",-0.276598815490686,1.01040223357507,0.0143517689201598,-0.14389822911471
"180",-0.0668323574704812,1.00362739332697,0.0840826428606667,-0.0140731590571792
"181",-0.279950430911352,1.12070183562219,-0.14013313510316,-0.486143300697537
"182",0.00409448312303045,1.00780776659112,0.122760873900606,-0.0246223930710198
"183",0.220849555048014,1.01334779457254,0.15928964739962,0.0387370752166663
"184",0.120908395138722,1.05315155721359,0.311237215744972,-0.110723068945537
"185",0.0896419744271124,1.01610305886481,0.17764677237743,0.0301172790654646
"186",0.132970959713307,1.01170681694704,0.0719497485489569,0.135550422872286
"187",0.0192202312178411,1.01526541271567,-0.17206339077463,0.0340301015553039
"188",-0.490239291214283,1.04957962568772,-0.316921588426773,-0.0343234241855574
"189",0.0221808781042441,1.0409441008601,0.168493410855393,0.234892723628794
"190",0.0276355241133605,1.00288992011563,-0.0332751466483755,0.0684175159229656
"191",0.0825385656867281,1.01225844146925,-0.102313497749173,0.119159978617369
"192",-0.0816647795947548,1.01003275370341,0.135003441592889,-0.0440480908980862
"193",-0.0189676034909451,1.00477355397322,-0.095508019749771,-0.021168677980658
"194",0.0164234211716929,1.01000090667634,-0.124908238837719,-0.0670802754726953
"195",0.0274902401726446,1.00862187152531,0.131553861652909,0.00341485042471905
"196",-0.162999509232204,1.01271064182932,-0.157062017446212,0.030238497814582
"197",0.213945908938112,1.13047078469056,0.251958574241234,0.463121012161207
"198",-0.318648460967374,1.10562427488692,-0.161735060819692,-0.44299752518596
"199",0.0651029206453672,1.01139574262323,0.14976046486248,0.0222070115183273
"200",-0.101958147112503,1.01948086985323,-0.193199230983926,0.0448921055857871
"201",0.376776336115612,1.0977304715054,0.361662556568246,0.272419498656017
"202",-0.114543461434457,1.00556985315592,-0.0717671001587665,0.0775900310014796
"203",0.278855663875639,1.09154271589379,0.3150361559055,0.303673708267733
"204",-0.458584983410919,1.12083311737982,-0.240488063868818,-0.445457481867799
"205",-0.526631114848735,1.07026192547587,-0.278730457959291,-0.260326565930419
"206",0.0330776679970935,1.00814103022382,-0.0971452579936086,-0.083133240464345
"207",0.0747191948389842,1.01143062572531,0.0688375704465594,0.135104772491974
"208",0.0427116822964097,1.00031037301553,-0.0233884217403699,0.00859209467815049
"209",-0.159205276709429,1.00525371722895,-0.053811158787753,-0.0874036337491004
"210",0.221150506986401,1.04825667207554,0.15039130813272,0.276087857373362
"211",0.165187530072697,1.00438404627808,-0.0184189683541268,0.0919132962236094
"212",0.098409427310715,1.02357931931511,0.116121543551397,0.185014621186599
"213",0.609829242384868,1.44506311434616,0.744790563296265,0.730407024383428
"214",-0.544251954801162,1.11404563871665,-0.35202446840188,-0.342310471341382
"215",-0.325794900833729,1.10910823258584,-0.425225723203976,-0.222045391565204
"216",-0.331870458094816,1.07174853978463,-0.183465251634311,-0.339095022041368
"217",0.0630933974420967,1.00858646315687,0.0780480893361939,0.105617940778305
"218",0.0123743241083493,1.01499519459127,-0.136296787658587,0.107881558745333
"219",-0.206196114813253,1.01165388760525,-0.113168717455702,-0.103133067908636
"220",0.381345296152424,1.05565392796073,0.192947959249229,0.277806228584722
"221",-0.250262060207862,1.03630351846112,-0.267531999934434,-0.0484934159033771
"222",-0.191512390366753,1.00864575935278,-0.082840213857333,-0.102487886252087
"223",-0.106938873987096,1.03766797831909,0.0765795739538643,-0.266252515634843
"224",0.028925446486036,1.03759328902215,-0.183226566182992,-0.207431576353741
"225",0.14223145721411,1.03105890072174,0.229581890971242,0.101855839771626
"226",-0.118621540185838,1.0174123982614,-0.108422536402759,-0.152880808919941
"227",-0.0930811037417379,1.06250809989097,-0.352799048094064,-0.06675547915964
"228",-0.415306760326311,1.10628626796512,-0.231788256551688,-0.412484558272099
"229",-0.323837544332758,1.13436102883865,-0.248215738382479,-0.474514373825632
"230",-0.256600518704192,1.03505591192491,-0.122184817054134,-0.237511286662685
"231",0.1033721758803,1.00274000816094,0.0444795686049558,0.0592375889391235
"232",0.0361471755370255,1.00177913384425,0.0593188854159056,-0.00653474090912469
"233",-0.0716266164805961,1.00188988415698,0.0462334144537386,0.040568600715754
"234",0.0543411234296659,1.00744104836151,-0.118496946361145,0.0299322506141114
"235",-0.278995423979253,1.0061951145052,-0.00953853587380605,-0.11107486118608
"236",-0.275206205631796,1.05573553934816,-0.302304969079925,-0.152280119228762
"237",-0.162243915842513,1.00793869401561,0.0268654013539273,-0.123363937615479
"238",0.292723653631794,1.05237956037009,-0.199031349756568,0.260555677157171
"239",0.222911641332913,1.03264412491118,0.148290983245706,0.210626857265621
"240",0.590506875156123,1.18180553274854,0.409624125442599,0.47840609641855
"241",0.184792750691001,1.00872382286536,-0.125811297949583,0.0411736338491453
"242",0.372506726337773,1.21249970411913,0.555823334438264,0.401517064871347
"243",0.145056342220658,1.01623618578411,0.00313964682060146,0.180903642624677
"244",0.230042420065537,1.01815522179614,0.0834839046853862,0.172251250588257
"245",-0.180035484267175,1.0215565170337,-0.0694507583418603,-0.196861143092711
"246",0.165663385047927,1.01686229453414,0.0688921377043196,-0.171063729082972
"247",-0.131068531789502,1.02040597257035,-0.0223182938630273,-0.201817349641412
"248",-0.010887204926818,1.03102354103589,0.162120207814983,-0.191641802298495
"249",0.49537417318874,1.13185730138497,0.353768903916543,0.394903169549396
"250",0.196529131119469,1.00439181691955,-0.0402553746835863,0.0847491988400858
"251",0.32482779742159,1.05013293838122,0.106878111133674,0.302251977055015
"252",-0.183793539007099,1.02393829379635,-0.217918353799198,0.0310035575382497
"253",0.446667212547149,1.0488931944557,0.170309950430947,0.266779785890326
"254",0.0420855851240543,1.03779600420216,0.10198562706105,-0.25810749351952
"255",0.0605601107414514,1.01607651083438,-0.0756234163034924,0.163378623987204
"256",0.26577314060785,1.09133481297364,0.146954680804214,0.411601744162888
"257",-0.379106867411885,1.02620788689894,-0.163703867608399,-0.162184064764807
"258",0.497796034114104,1.13115942684246,0.37765810679342,0.369994599025136
"259",0.11011579618926,1.11172428421932,0.276187643626985,0.399563849254085
"260",0.0933213847331506,1.0023265560992,0.0681317791118108,-0.0040725589927566
"261",-0.0904225650739454,1.00478695406998,-0.0099007675378171,-0.0974617764633701
"262",-0.38486919660907,1.03992773353287,-0.0964356924150245,-0.268607237801322
"263",0.0275296389884101,1.01266110545259,0.140755577186231,0.0753019388026781
"264",-0.256792806332675,1.00647737630196,0.0453971199360312,0.104574425693779
"265",-0.0948954017267753,1.01461286008681,-0.0532621356725113,-0.163102424130188
"266",-0.184236020084387,1.05895235976497,-0.280895475631078,-0.206101509023551
"267",0.426091358023539,1.09057146962317,0.153943473724461,0.406998203010385
"268",-0.252930533874972,1.00943088008203,0.118658055815492,0.0697923165775713
"269",0.0447353225550333,1.0038940401713,-0.0777792243745322,-0.0418764390456743
"270",-0.229180964691466,1.01197844248767,-0.0540242888510238,-0.145539493863078
"271",-0.0445108261424437,1.02114826160889,0.0013060963280043,-0.206741544686223
"272",0.0378138770545054,1.04769702260831,0.292037078314006,-0.111280708445547
"273",-0.261859803061573,1.01165396970882,-0.000701676698152473,-0.153111926633503
"274",-0.31202098413769,1.0339424798856,-0.207588398008632,-0.161071750236328
"275",-0.453678590920069,1.09854232592941,-0.437454561452669,-0.12421251355096
"276",-0.424081970832381,1.19272104218632,-0.514286938080732,-0.397608387478886
"277",-0.0263537228090402,1.002726414786,-0.00846037814870311,-0.0734076624826843
"278",0.100858753615763,1.00468191437939,-0.0484575638816821,-0.0838904856565729
"279",-0.351965279739248,1.04805699378446,-0.198051777532593,-0.243308355049101
"280",-0.212185375583163,1.0577829390424,-0.201165317271566,-0.280066530053489
"281",-0.381367837551158,1.0467141371577,-0.183276315331981,-0.249038706156542
"282",-0.344103319411182,1.11066215763321,-0.344716984093663,-0.338733862015336
"283",-0.361021689544068,1.08870925269741,-0.416166436082221,-0.109969697587895
"284",-0.118086580701963,1.02434475037294,-0.092139062392196,0.201971683159002
"285",0.482591763667246,1.31878124075918,0.299850518330707,0.805775171890485
"286",0.243836834020412,1.05306248882402,0.230596375514798,0.236148082710146
"287",-0.232646869558389,1.04728263565862,-0.278935525767435,-0.137825583317832
"288",0.204185090430672,1.02493144469085,0.0720130732915329,0.212834639077338
"289",-0.236083187967361,1.05034986155744,-0.194695912121461,-0.255594079502891
"290",0.349995422926612,1.17701843084504,0.486931028479994,0.385059164353133
"291",0.0432617501058643,1.00832841680821,-0.126988289800259,0.0244983753861209
"292",-0.360864025092665,1.06901242352877,-0.329467001067469,-0.185037987630825
"293",0.0813242372743923,1.00014786933706,-0.0101292309517455,0.0138981732534147
"294",-0.00123957851665541,1.01126175744345,-0.0626333398792204,0.136848115818911
"295",-0.138053588606285,1.00315530426551,-0.0292142533512962,0.0739397854822104
"296",-0.0446247668003442,1.00674540716469,-0.115667271601429,-0.0125458011893418
"297",0.116320969852676,1.0495759443934,0.127254044930552,0.292260279713314
"298",-0.29895249627318,1.09510721412371,-0.337373911200717,-0.292298912873326
"299",-0.0627416961372112,1.03358641229152,-0.249760647620742,-0.0769447241447943
"300",0.156365690131286,1.00486371370949,0.000214274751187543,-0.0987473403001845
"301",0.206040585029527,1.04189113287611,0.0468678177730749,0.288687617370482
"302",-0.00197634100630471,1.05562161631597,0.134351649496816,-0.310300871914715
"303",0.198788894452849,1.08042996250758,0.313620344972337,0.26262365297809
"304",-0.369112477373985,1.08066211074667,-0.312899316223863,-0.264432629435323
"305",-0.29120945379606,1.12918837949754,-0.411350221278139,-0.325357329480529
"306",0.615688132449285,1.30726100253482,0.736871092440722,0.407372460867884
"307",-0.0181411549774944,1.00127989179341,-0.0505487986365294,-0.00249813254669009
"308",-0.0904430000623735,1.02583480319951,-0.0786117241860384,0.214842361455738
"309",-0.0825288841923218,1.09426923604793,-0.329605640614355,-0.297968593372068
"310",-0.0480913832566609,1.06149001105674,-0.331126050137739,0.130830357690495
"311",0.402999238078422,1.1263079346526,-0.10495665568669,0.507497452297528
"312",-0.122297684026645,1.06012147255288,0.0239570568421779,-0.351117638399371
"313",0.00782083343785521,1.00087082428949,-0.00724133222837372,-0.0411092449636035
"314",0.570974763417185,1.35831343224875,0.618180264231712,0.68034442831685
"315",-0.0896746143526882,1.05237080674063,-0.31793920047737,0.0799936227442095
"316",-0.383161676596094,1.05313559119015,-0.307754601053759,-0.119923638043824
"317",0.280074815786477,1.03415026902235,0.185035599777274,0.187692849448413
"318",-0.187072443286465,1.04811572105575,0.27998226720327,0.141973570695155
"319",0.0425896995379561,1.00498704945672,0.077645660816053,0.0630088956589228
"320",-0.215020317985533,1.01428874480211,-0.162128124208511,0.0499612767338343
"321",-0.222711302343924,1.03948701019428,-0.146141636393835,-0.243260902067676
"322",-0.111840027478322,1.01045974212693,-0.0575425890518108,-0.133108004659492
"323",0.172567176822965,1.06346899355004,0.360904525173495,0.0267249686926022
"324",-0.486617654310028,1.15873909464323,-0.584455058135367,0.0329935520154231
"325",0.20873352047577,1.03014880690472,0.223949281045036,0.105134598903616
"326",-0.583259493658077,1.2688397227974,-0.566987281884394,-0.537103029529643
"327",0.106290727085058,1.04841017315321,0.241013473123776,0.202673128322306
"328",-0.229163846243486,1.03820737590799,-0.217127885214428,-0.175299848408566
"329",0.282664202178812,1.01559892296388,0.0316450836334025,0.174469942990865
"330",-0.218150151632044,1.02488752409969,-0.20053338612533,-0.100899941052057
"331",-0.280965699506176,1.00008578297553,0.0105709692546227,-0.00773485092324972
"332",0.194692990554413,1.03590996888942,0.270277000739176,0.00773346726382601
"333",0.0861093116002447,1.03632528670115,0.271355047302787,0.0183449764109079
"334",0.168607770110475,1.06483378653942,0.134796365006899,0.340148398404009
"335",0.0777414266299163,1.00111206568121,0.0459998313789431,-0.0104586598383656
"336",0.196821968027711,1.02145451385339,-0.0572312941750398,0.200234619480546
"337",0.348605368001269,1.07583131745877,0.269129966915423,0.291516868350994
"338",0.00220378641873143,1.00531632149792,-0.0511579207422775,0.0896870861129187
"339",-0.0342117451988836,1.0166742891781,0.175159213770315,-0.0542757782731323
"340",0.157053512491177,1.09196267345957,0.269603416932744,0.345971787588462
"341",0.0568854673415209,1.00869697678301,0.0511293682618313,0.121882643031433
"342",-0.169331332641732,1.04407801508783,-0.0149003495361767,-0.299794731730638
"343",-0.20182821490104,1.00961459942189,-0.0646109361044172,0.123073418338503
"344",-0.128370116806219,1.00201217685343,-0.0470970352861071,-0.0425472893356376
"345",0.313125012346688,1.00936424274298,-0.115806905939055,0.0735182634787515
"346",-0.0152634248443308,1.01691394728167,-0.107504756325025,-0.150188892876581
"347",0.305113324445982,1.06318561879752,0.0799861192420766,0.352087887815606
"348",-0.184431321978408,1.10830971460857,-0.152124861177249,-0.452999393054275
"349",0.112303096462767,1.00770516422032,-0.00475353234612147,0.124286370638698
"350",-0.0563005142601055,1.0007591528532,0.0310957514592288,0.0234933237459643
"351",0.0227473750684866,1.00441667887835,-0.0890153012693148,0.0304818134129632
"352",0.371456717026379,1.16318840554741,0.413473390068068,0.426669687821323
"353",0.0497007734864321,1.00871422991186,0.0855943775973907,0.100886075106465
"354",-0.181448571030173,1.06001422834248,-0.338096863191323,-0.0965436449938361
"355",0.219552945330321,1.04422055974223,-0.0427040831633103,0.297612060692378
"356",-0.0378816818213006,1.01081694825438,-0.145467345368753,-0.0242930918096388
"357",0.113016724385509,1.01389705573697,0.167159033166145,0.00671544958021244
"358",-0.0742855067158195,1.00830954459743,0.0465872777835593,0.120489681197144
"359",-0.540094599049389,1.07329898189983,-0.302611054894622,-0.245758527833279
"360",-0.13939095637964,1.04665760351782,-0.300936760818602,-0.0702082971568737
"361",-0.112032816586303,1.00986977857635,-0.0804958081680426,-0.115574194997081
"362",0.105943789598651,1.02979237056807,0.235432968395489,0.0710186163811762
"363",-0.312366920595994,1.17198522133046,-0.433786764127428,-0.4305559223665
"364",0.437634755906117,1.18987414276505,0.468232160013794,0.44334988434609
"365",-0.159087858819743,1.02919545618391,-0.188107031956189,-0.154463690096536
"366",-0.0343536330395457,1.00140924661927,0.0530038810271601,-0.00332683192023622
"367",0.206779568349258,1.04682376947826,0.2357717646144,0.200628211763153
"368",0.0340992490971639,1.02815974322368,0.171217579369562,0.166724317664286
"369",0.0915293212694405,1.02040925400022,0.133470000374268,0.153038572423352
"370",0.222325919561967,1.00349742710298,-0.0818712556784007,0.0174408628208896
"371",0.021692031651585,1.07415405816911,0.143677345791082,0.364916101299456
"372",0.00288540249337974,1.00226594698556,0.0441809188877953,-0.0508436317850978
"373",0.0565405445038079,1.00193457096167,-0.0420962058924812,0.0458344187004192
"374",0.442237810489178,1.06656304973813,0.278263897231002,0.245205918697986
"375",0.0723899550426726,1.00348859173779,-0.0823610702883723,-0.0143529735194108
"376",0.129681185543417,1.03757352094709,0.209113484058066,-0.181191506852951
"377",-0.0332501012822735,1.00238834333645,-0.0123868272978262,-0.068036441458086
"378",-0.112361534104557,1.05524600284374,-0.257429552069789,-0.217426199522594
"379",-0.269196657113471,1.01730962702918,-0.138771521044307,-0.125145284343024
"380",-0.0213506390392413,1.00013787992846,-0.00974034233568947,0.0134500780283745
"381",-0.19590026229757,1.03047957775706,-0.199882197264555,-0.148105595407641
"382",0.578815307655198,1.38316492416373,0.821602451861317,0.487969895108626
"383",-0.0869727071335072,1.01745402880327,0.0205271137790761,-0.186524363898937
"384",0.144929981796215,1.00791388695625,0.125151365763946,0.0150844014355758
"385",-0.413693069184054,1.04012211547958,-0.192970369057127,-0.211226067935905
"386",-0.45905638740592,1.06500661530649,0.0414942383496872,-0.364029282929765
"387",-0.105819106855893,1.04493386231177,-0.0744629564947304,-0.293840168656135
"388",0.00559038317385208,1.00107811770344,0.0164536199574384,-0.0434358853364099
"389",-0.193254547833694,1.05736951972727,-0.34081521165338,0.0433046504885303
"390",0.093522356647251,1.02877790998663,0.1674993108324,0.174149272025828
"391",-0.388516329563053,1.13343357536388,-0.242838031057453,-0.47508037260478
"392",-0.058176774407011,1.01243738719224,-0.0384985682757395,-0.15345137088137
"393",0.252180449382912,1.07247800261581,0.38094053212245,0.0713678995140935
"394",-0.170214382335654,1.00829836002835,-0.0762748920415922,-0.104152406020679
"395",-0.112842491232916,1.02204604461266,-0.19385137866439,0.0836645701494795
"396",-0.125352213203285,1.02059803363218,-0.201479094865983,0.0320393599476529
"397",-0.140414853321201,1.00123274779021,-0.0222107233815565,-0.0444263324437207
"398",0.0579456751626358,1.00952834688128,0.058333752891378,-0.125477712883431
"399",-0.131555938878364,1.00920183160765,-0.124738230759226,-0.0541175637598506
"400",0.113771914196997,1.01715537547139,0.159677660126129,-0.0954363804164072
"401",0.040477503441338,1.03762359547299,-0.050978629039769,0.272146845036877
"402",0.0761983373343824,1.01677029218047,0.125877001077197,0.134077618044776
"403",-0.0126547918708652,1.00819808743618,0.102342451302041,0.0773912538434951
"404",0.237902033103567,1.11671675772364,0.143661481175875,0.475833685027812
"405",-0.1762088573754,1.02433346147522,-0.0919063131410769,-0.202020469018899
"406",0.280311968766403,1.06398244182774,0.3321811021581,0.147357904052532
"407",0.0243323293191936,1.00553960174447,-0.00269492572925624,-0.105369008972044
"408",0.105275110367616,1.02217443899419,-0.208582741278322,-0.0365215521838155
"409",0.015535850952706,1.01537694676987,0.103849889080184,-0.14214620842545
"410",0.0587400613919343,1.02655333979967,0.0468165368794133,0.227200289014955
"411",-0.177053489830909,1.0121307298665,0.0228515237366651,-0.154552328364872
"412",0.570216547492726,1.28222786403075,0.776988559848958,0.20099023150565
"413",0.124337484297324,1.01917784823725,0.15024462723567,0.127082801056317
"414",-0.203595076314987,1.0671015365399,0.0403221651172509,-0.370242909839044
"415",-0.0128164849296903,1.03930191615866,0.0260700799397085,0.281902152994599
"416",-0.623625684771042,1.20931109253728,-0.487097209548131,-0.474520417879077
"417",-0.12483654396906,1.03200932337563,-0.250376693449166,-0.0485258169604679
"418",-0.116793893579712,1.00440984325579,0.0847600112405056,0.0406801391791751
"419",-0.078592746037595,1.01614683942543,-0.176498737393661,0.0374512345956354
"420",-0.169860748733597,1.12108386150197,-0.186332353312975,-0.471284710794872
"421",0.0855130011254078,1.00118050257606,0.0482999794381592,-0.00543237744644868
"422",0.192055012269279,1.00245444320961,0.0154211392696692,0.0683893206159378
"423",-0.0468103059210676,1.00045439088115,0.021560307557473,-0.0210746618337128
"424",-0.133859572782416,1.04429528667441,-0.298887621869957,-0.0349118212545413
"425",0.174471941457935,1.02078329699976,0.178314309446009,0.10100765555387
"426",0.337571053263517,1.03511500398545,0.243563264358486,0.110181703248936
"427",-0.299363634232529,1.02568817530665,-0.21944015714906,-0.0623077073425446
"428",0.0733274909776762,1.01780668390998,0.189502763331833,-0.00437590006999593
"429",-0.261949591386527,1.02230190850667,0.00579614684030021,-0.212291301795892
"430",-0.013108297099285,1.00003186102726,0.0075225288526673,-0.0026710726892236
"431",-0.442610778187515,1.08026262601527,-0.369340458974455,-0.174799789845226
"432",0.163339602812501,1.00694879652717,0.0499404970166267,0.107013202854866
"433",-0.118012748744428,1.00158672484389,-0.0445803811788268,0.0344754550001627
"434",-0.0884983419469142,1.03085251842409,0.0917760998904694,-0.232882077949731
"435",-0.291859509597024,1.02495787761776,0.00554628906701078,-0.224739603915929
"436",0.16197795684249,1.02387929609729,0.096019227174447,0.197760261401273
"437",0.145082353734951,1.00643432500898,0.0857901525701319,0.0744989951494488
"438",0.183096348524046,1.00348864150342,-0.0650917264258038,0.0524644715715963
"439",0.0595115914134022,1.00914927742659,-0.0841088871084673,0.106338888653163
"440",0.0671608552034985,1.01736035918292,-0.071537077819979,0.172929311956602
"441",0.00622453473369171,1.02735814046604,-0.230322245061177,0.0491570158962157
"442",0.00217462905615378,1.00698177262793,0.0935684288154957,-0.0725068240505268
"443",-0.0924174476053079,1.02617764701924,0.0785125785376874,-0.216509441487682
"444",-0.103316240941433,1.03173175027787,-0.151327058097977,-0.203888513700145
"445",-0.0507466055737474,1.02873459858118,0.0143015086175257,0.241019379240016
"446",-0.107154962328697,1.00956747166397,0.0715067158373806,0.118799282119581
"447",0.185526214507333,1.02564241746748,0.0398334491432563,0.2244006792278
"448",-0.0448918934609212,1.00544359344274,0.0928965420380999,-0.0478231332349871
"449",-0.0353118030680298,1.00688482233264,-0.109275037739153,0.04331294922934
"450",0.073216292146958,1.00511375572854,-0.0792267911026399,-0.0630616961895314
"451",0.0323324529686368,1.04143750418833,-0.272916301105436,0.100542367790583
"452",0.0628448510301251,1.00166014763788,0.0552583352428004,-0.0164185185729389
"453",-0.155079563015404,1.00491423560457,-0.0115777253705143,-0.0985828443288497
"454",0.174979607808001,1.05076745570473,0.138905739043971,0.291234341431156
"455",0.573723605219889,1.28130876794218,0.55940176836974,0.573429873960465
"456",-0.3067953389514,1.02909223337937,-0.196645299436178,-0.142693556306467
"457",-0.25691142938743,1.03307593044333,-0.207292351076221,-0.155806801028243
"458",0.320223138696713,1.00722364494368,-0.00878921661752156,0.120092550163987
"459",-0.221726887375742,1.04105644383897,0.147126584997002,-0.249303604558293
"460",0.244201930182343,1.05558001995925,0.247533443948585,0.230165967649692
"461",0.155944584555831,1.02995654421466,0.0878203109876077,0.230430197562389
"462",0.166274060216552,1.01052007569419,0.133348044829307,0.0580441411444067
"463",-0.340622292684024,1.0547179482248,-0.264476942748175,-0.206111370530865
"464",-0.351911657243785,1.05931989297686,-0.232688312277655,-0.260796443583642
"465",0.114305215249357,1.01237342581384,-0.0189371636452678,-0.156656749382596
"466",-0.427610288084731,1.0799953814754,-0.368415576825075,-0.175099933640297
"467",-0.193660383988867,1.00968538318531,-0.130113877802649,-0.0503483050480907
"468",-0.19565418738056,1.00827435494955,-0.104928525985074,-0.0748811009769962
"469",-0.025699686892897,1.01074737024432,0.0915985980762074,0.114978012186124
"470",0.0259736863458852,1.04121470872313,0.289128797757418,0.0230783008198633
"471",0.0661544013304744,1.00735534120542,-0.098871667459013,0.0706341052818826
"472",0.234796766661251,1.02856625235062,0.146017581070313,0.191382866247175
"473",-0.0836223415081601,1.00695084897516,0.0754344947196912,-0.090882612518455
"474",0.0805376360911341,1.02611142026466,0.229882486258914,0.00766089478906739
"475",-0.254172283658295,1.12109289479069,-0.476280318772679,-0.173223372268213
"476",0.191980482131049,1.0160114419946,0.080425654627328,0.160657910921664
"477",-0.169522973907296,1.01412633953934,0.00497336604973951,-0.168604561556295
"478",0.242060568237932,1.01049664819522,0.145102220228638,-0.00698725257123459
"479",0.0265162810121733,1.00832133895246,0.116457612034837,-0.0561208266691459
"480",0.199570106847667,1.02900982924705,0.211938906643277,0.118081025308417
"481",0.34015277946537,1.02639424225561,0.0815961122113667,0.216395968094286
"482",-0.228535756208474,1.00091210049339,-0.0406793438091248,-0.0130469882095703
"483",-0.0567059556251359,1.02187056034039,0.0460760417357089,-0.205174171055592
"484",-0.0479811848058081,1.00330639541111,0.0801643372433032,0.0140499860205199
"485",0.140327988639147,1.04384485194343,0.24384992121264,0.173635511498606
"486",-0.338350884501032,1.2414436270168,-0.58056384190179,-0.451805162140561
"487",-0.0462029469872275,1.02365509452875,-0.0117455053005409,0.218476075715169
"488",-0.116345889806041,1.04042117264886,-0.285111375950338,0.0344633109224079
"489",-0.0477929890490756,1.0014416965869,-0.0482612002634077,0.0235866108625413
"490",0.157184271587153,1.10415217359795,0.467857883190702,-0.0161562247257096
"491",-0.491238577990915,1.28772011730201,-0.6778286499199,-0.445837887412071
"492",-0.125684760449796,1.01214023138851,-0.128322640785148,-0.0892252646794492
"493",0.0425023091900266,1.01851064806469,0.193009536052422,0.0105479483301255
"494",0.250663453037985,1.03545881506366,0.185319768775499,0.194503318722391
"495",-0.0135148566589118,1.02627843359494,-0.215210785391153,-0.0832570784582172
"496",-0.311604916083183,1.08335072463041,-0.195764119392583,-0.367865739252346
"497",0.242635737827297,1.05633932613222,0.309313907164982,0.142048156509705
"498",0.234979614413619,1.06805646420237,0.199427870490155,0.317762702651241
"499",-0.0542580842874535,1.00968959666177,-0.12212181080941,0.0675229215277322
"500",-0.380049693463838,1.15105686358344,-0.392254956830008,-0.413603617059652
